     9
     0
    28
     0
    14
    11
    12
   946
    30
    28
    18
    33
   372
     0
    18
     0
    14
    40
    88
    66
   123
    95
     9
    10
    29
     0
     7
     9
     0
     8
     0
   985
    40
     7
    29
    22
   370
    28
    24
    19
    27
    26
    87
    95
    76
    59
    18
     8
     0
     6
     0
     0
     0
     9
     0
  1157
    31
    22
    29
    16
   233
     6
     7
     7
    12
    25
   101
    61
    42
    80
     0
     0
    16
     0
     8
     9
     6
    24
     9
   901
     0
    41
    54
     6
   366
    24
    27
     8
    17
    26
    60
   101
    76
    61
     0
     0
     7
     0
     0
     6
     0
     7
     0
  1076
    56
    32
    36
     0
   254
    10
    20
    16
    17
    71
    98
    55
   103
    68
     7
    25
     9
     0
    18
    17
    25
    11
    19
   507
   596
    31
    23
     6
    26
    27
    26
   257
   313
    34
    44
    34
   117
    94
   134
    27
    14
     0
    18
     9
    23
    10
    39
   528
   559
    29
    19
    16
     8
    14
    41
   301
   258
    32
     9
    26
   103
   117
   149
     8
    17
    10
    19
     0
     0
     7
     9
  1153
    24
     7
    53
    18
   309
    30
    18
     6
    11
     7
   123
    78
   161
   120
     7
     0
    18
     0
     0
     0
     0
     9
    17
  1033
    20
    67
    44
    36
   362
     6
    29
    18
    32
    27
   132
    93
    65
    87
     9
     0
    14
    18
     0
     6
     0
     0
     7
   901
    13
    21
    25
    16
   402
    76
     0
     7
    28
     6
   111
    58
   131
    87
    10
     0
     0
     9
    10
     0
     0
     0
    16
  1017
     9
    39
    17
    16
   325
    16
    25
     8
    40
    19
    80
    91
    96
    76
     0
     9
     0
     0
    11
     7
     0
     0
     0
   965
    14
    20
    15
    48
   368
    47
    53
     0
    73
     0
   116
   124
   105
    91
     0
     0
     0
     9
    31
     8
    10
     6
    22
   502
   532
    18
    19
    25
    10
    22
    22
   319
   270
    54
    19
    42
   107
   108
    78
     0
     7
    23
    26
     0
     0
     0
     9
   688
   506
    50
    60
    50
    37
    52
    29
   149
   249
    17
    22
    40
    99
   115
   186
     6
     6
     0
     0
     0
     0
     0
     0
  1009
    16
    45
    26
    26
   391
    45
    41
    19
    15
     0
   100
    84
   136
    64
     9
    17
     0
     0
     0
     0
     0
     0
     7
  1095
    44
    15
    34
    17
   362
    37
    16
    10
    12
    16
    74
    64
    62
    79
    12
     6
     0
     0
     0
     0
     0
     9
     7
   908
    20
     0
    47
    39
   441
     0
    44
    31
    19
     9
    65
   128
   121
   135
     0
     0
     7
     0
     0
     0
     8
     0
     0
  1200
    46
    19
     9
    42
   413
    33
    13
    17
    34
    16
   112
   132
    96
    77
     0
     9
     0
     9
     0
     0
    10
     9
     0
  1002
    11
    12
    26
    22
   335
    14
     8
    30
    29
    30
    61
    70
   142
   100
     0
    28
     8
     0
    22
     0
    24
    15
    36
   524
   562
     7
     9
     9
    33
    17
    39
   297
   208
    54
    22
     0
    71
   122
   147
    15
    17
     9
    18
     0
     0
     6
     8
   596
   526
    43
    10
     0
    25
    15
    32
   256
   308
    30
    46
    10
    94
   103
   141
    16
     0
    14
     0
     0
    17
     9
     0
   967
    35
    18
    22
    23
   280
    18
    69
     7
    18
    24
    93
    74
   111
    92
     9
     0
     0
    29
     7
     0
     0
     0
     0
  1171
    15
    19
     6
    23
   351
    25
     0
    25
    26
    14
    98
    86
   133
   131
     0
     0
     0
     0
     0
    20
     0
     0
     0
   945
    48
     0
     6
    51
   355
    18
     0
    14
    34
     0
   119
   110
    79
    94
     8
     0
     6
     8
     0
     0
     7
     0
     8
  1195
    37
    29
     8
     8
   268
    30
    14
    15
    14
     9
    79
   130
    79
   101
     0
     6
     0
     8
    10
     0
     0
     0
     0
   908
    31
    22
    62
    33
   351
     9
    30
     7
    33
    17
    85
    81
    75
    75
     0
     7
    25
    22
    18
    18
    11
     0
    11
   682
   517
    57
    46
    21
    16
    27
    25
   178
   353
    14
    44
    35
    79
    94
   124
    18
     7
    25
    10
     8
     0
    13
     9
   584
   565
    13
    26
    38
    37
    35
    26
   304
   383
    12
    54
    11
    73
    37
   137
     0
     0
     0
     0
     6
     0
     0
     8
  1107
     0
    22
    75
    56
   364
     8
    18
    26
    24
    44
    99
    84
   105
    88
    18
     0
     0
     8
     0
    15
     6
     0
    16
   990
    39
    24
    12
    23
   376
    36
     0
    13
     9
     0
   124
   123
   129
   118
     0
     0
     0
     0
     0
     0
     0
    10
     0
   937
    22
    37
    29
    33
   313
    45
    38
    15
    49
    17
    84
    83
   136
   113
     0
     0
     8
    12
     0
     0
     0
     0
    12
  1100
    68
    41
    41
     8
   305
    48
    14
    23
    28
    31
   101
   106
    55
    76
     7
     0
     7
    12
     0
    19
     0
    10
     0
  1082
    23
    26
     0
    33
   291
    17
    60
    12
    43
    49
    94
    88
   192
   105
     0
     0
     0
     0
    17
    12
     0
    31
     9
   535
   567
    48
    58
     6
    54
    27
    25
   386
   300
    45
    25
    69
   110
   145
    66
    22
    11
     8
     0
    14
    18
    44
     0
   575
   590
    36
    30
    38
     9
    39
    48
   277
   311
    19
    28
    52
   169
   134
   100
     0
     0
    21
     0
     0
    10
     0
     6
  1050
    23
    38
    39
    19
   258
    42
    14
    25
    43
    33
    72
   120
   141
    99
     7
    10
     0
     0
    12
    13
     0
     6
     7
   982
    47
    24
    30
    32
   371
    34
    78
    48
     0
     6
   132
   116
    87
    96
     0
     0
     8
     0
     0
     0
     7
     7
     9
  1073
    41
     8
    35
    13
   313
    27
    52
    14
    35
    33
    80
    88
    66
    69
     0
     0
     0
     0
     0
     9
    37
     7
     0
   988
    25
    17
    15
    19
   405
    45
     9
    19
    34
     7
   190
   113
   123
   140
     0
     0
     0
     6
     8
     0
     0
     0
     9
  1049
    10
     7
    32
    47
   413
    16
    45
    37
     9
    27
   124
   111
    86
    92
     0
    10
    32
    31
     0
     0
    14
     7
     6
   600
   638
    72
    53
    23
    24
    80
    13
   236
   280
    33
    29
    16
   156
    93
   100
     7
    19
    12
     0
    11
    28
    20
    17
   586
   608
    35
    44
    62
    59
     0
    28
   200
   291
    24
    43
    36
   134
   118
   162
     0
     0
     9
     7
     0
    11
     6
     0
  1000
     9
    32
    18
    40
   287
    32
     9
    28
    19
    20
   122
    79
   107
   106
     8
     6
     0
     0
     9
     6
     6
     0
     0
  1070
    23
     0
    23
     9
   343
    27
    29
     9
    20
    23
    67
    93
    59
   103
     0
     7
     0
     0
     0
     0
     0
    11
     0
   973
    32
    39
    19
    25
   279
    13
    45
     0
     7
    35
    96
    80
    85
   112
     7
     0
     0
     6
     0
     8
     7
     8
     0
  1000
    38
    23
    44
    30
   295
    22
    23
    39
    26
    17
   113
    86
    98
    96
     8
     8
    10
    21
     8
     0
     0
     0
    16
  1144
    10
    27
    26
    44
   302
    18
    24
     0
    60
     0
   116
   102
   112
   122
     9
     7
     0
     9
    13
    19
     7
     9
    34
   631
   522
    19
    34
     9
    15
     7
    58
   291
   330
   102
    17
    29
   165
    75
    70
     0
    34
    32
     7
    22
    14
    35
    22
   672
   520
    45
    24
    34
    32
     0
    41
   321
   286
    70
     6
    29
   121
   105
   166
     7
     0
     0
     6
     0
     0
     0
     7
   979
    44
    19
    35
    24
   283
    16
    16
    38
    57
    25
    79
   138
    80
    95
     0
    11
    25
     6
     8
     0
     0
     0
    20
  1094
    51
     0
    46
    47
   368
    37
    25
    21
    24
    32
   114
   135
    78
    99
     9
    12
     9
    16
     0
     0
     7
     0
     0
  1190
    22
    18
    57
    18
   378
     0
    10
    25
    19
    26
   146
    82
    74
   150
     0
     8
     0
     9
    23
     0
    28
     8
    11
  1019
    41
    12
     0
    16
   324
    18
    17
     6
    20
    35
   120
   114
   137
    82
     0
     0
     0
     0
     0
     6
     0
     7
     0
  1079
    41
    44
    21
     7
   370
    35
    32
    25
     0
    24
    60
   128
   105
   172
    11
    26
    24
    21
    19
    20
    16
     6
     0
   690
   649
    20
     0
    25
    36
    15
    26
   258
   314
    18
    29
     0
   135
    61
   166
    12
    17
    10
     7
     6
    20
    14
     0
   497
   707
    31
    33
    46
     8
    76
    48
   312
   300
    24
    40
    48
   103
   115
   200
    15
     9
     0
     0
     0
     6
     0
     0
  1057
    14
    49
    19
    28
   316
    38
    30
    13
     7
    28
    79
    75
   113
   108
     8
     0
     0
     0
    17
     0
     0
     9
     0
  1040
    14
    28
    29
    15
   375
    25
    35
    14
    56
    23
    72
    83
   145
   126
     0
    11
     0
    13
     0
     0
     0
     0
     0
   865
    35
    18
    57
    23
   337
    20
    57
    68
    32
    23
    62
    55
   139
    80
     0
    22
     0
     0
     6
    10
     0
    10
     6
  1077
    28
    33
    36
    38
   470
    10
    60
    61
    25
    36
    92
   167
   132
    82
     0
     0
     6
     0
     0
     0
     7
    16
     8
  1084
     0
    48
     0
    39
   293
    33
    38
    29
    15
    43
   120
   112
   104
   123
     7
     8
    12
     7
    11
    21
     9
     0
     0
   547
   573
    54
    32
    54
    60
    38
     6
   240
   281
    30
    66
    24
    48
    79
   142
     0
     0
    25
    14
    42
    17
     0
     8
   620
   493
    20
    47
    45
    37
    16
    32
   340
   263
    51
    23
    33
   120
   166
   168
     7
     0
    18
    16
     0
     0
     0
     0
  1126
    39
    18
    23
    44
   372
    23
     8
    37
     7
    24
    88
   107
    56
    90
     0
     0
     9
    17
     0
     0
     0
     0
     0
  1074
    25
    26
    33
    40
   339
     8
    24
    26
    38
    30
    75
   115
    84
   101
     0
     0
     0
     7
     9
    10
     0
    16
     8
   965
    53
    21
    26
    35
   257
    22
    32
    49
    42
    23
    85
    99
   161
   147
     6
     0
    24
     7
    29
     0
    12
     0
     8
  1077
    30
    26
    15
    54
   359
    17
    30
    47
     9
    32
    75
   104
   124
    95
     9
     8
     8
     0
     0
     0
    17
    15
     0
  1109
    35
    26
     9
    20
   245
    36
    12
    33
    47
    19
   136
   113
   109
   101
    16
     9
     8
     7
    19
     7
     9
     0
    15
   739
   511
    31
    40
    15
    37
    16
    23
   313
   257
    45
    11
     9
    94
   104
   138
    28
     0
    20
    10
    14
    42
    13
    16
   656
   571
    14
     0
    16
    52
    27
    12
   317
   257
    41
    51
    27
   180
   104
   122
    15
     0
     9
     0
     0
     8
     6
    11
  1041
    25
    22
    41
     7
   399
    35
    34
    27
    34
     7
    61
   100
   106
   105
     0
     0
    10
     0
     7
     0
     0
     0
     8
  1099
    31
    21
    55
    24
   316
     0
    36
    14
    43
    30
    91
    84
   140
    95
     0
    15
    11
     0
     7
     0
     0
     0
    10
   952
    43
    24
    24
    86
   237
    20
    35
    33
    22
    20
    99
    65
   102
   100
     0
     0
    20
     0
     9
     8
     0
     0
     0
  1072
    23
    25
    30
    25
   366
    24
    20
     6
    19
    37
   158
   142
    89
    62
     0
     9
     0
     0
    14
     6
     0
     8
     0
  1048
    25
    53
    54
    29
   328
    25
    10
     0
    25
    24
    90
    92
   124
    63
     0
    22
     8
    22
    19
    12
     6
     7
     0
   425
   624
    36
    47
    52
    26
    42
     9
   234
   417
    34
     8
     7
   167
   147
   174
    17
    16
     0
     0
     0
    29
     9
     0
   465
   648
    22
    41
    38
    39
    28
    58
   259
   267
    42
    17
    19
   109
    86
    95
     8
     0
     0
     0
     0
    10
     0
     0
   994
    25
    31
    57
    31
   290
    46
    55
    37
     7
    18
    89
    38
    77
   162
     0
     8
     6
     0
     0
     0
     0
    12
     0
  1198
   108
    18
    24
    26
   368
    36
    26
    43
    15
    17
   143
    49
   103
   101
    17
     9
     0
     9
     9
     8
     0
    11
     8
   982
    22
    14
    11
    32
   369
    37
    16
    24
     9
    12
   114
    68
   141
    94
     9
     8
     7
     8
     0
     0
    13
    13
     0
  1069
     9
    37
    41
    23
   351
    10
    24
    28
    31
    16
   108
   129
   111
    94
     0
     0
     0
     6
     0
     0
     0
    17
     8
  1082
     7
    17
    26
    43
   315
    61
     7
     0
    37
    24
    74
   115
    65
    71
     0
     0
     6
    30
     0
    36
    23
     6
     0
   753
   604
    27
    22
    33
    43
    56
    33
   261
   200
    31
    22
    25
   123
   135
    96
     0
    10
    15
    20
     0
     0
    14
     9
   638
   631
    24
    28
    42
     0
    27
    25
   268
   290
    33
    36
    23
   147
    85
    98
     0
     9
     0
     0
     0
     0
    17
     0
  1199
    62
     6
    46
    47
   260
    60
     6
    49
    20
    33
   115
    72
    88
    83
     0
     0
     8
     6
    23
     0
     0
     0
    19
  1033
    29
    27
    49
    53
   484
     8
    35
    24
    43
    27
    90
   149
   151
    96
     8
     0
    10
     0
     0
     8
     0
     0
     7
   951
    40
    14
    68
    11
   294
    31
    41
    20
    23
    18
   101
   107
    74
   116
     6
     0
     9
     6
     0
     0
     0
     9
     0
  1025
    39
    45
    40
    52
   267
    19
     9
    15
    28
     6
    72
    83
    70
   101
     7
     0
     0
     0
     0
     0
     7
     8
    18
  1002
    48
     9
    23
    15
   320
     8
    39
    42
    19
    17
    92
   115
   121
    68
     0
     0
    15
     7
    27
    18
     7
     9
    16
   565
   697
    49
    15
    44
    44
     9
    12
   354
   318
    10
    49
    23
   157
    71
   112
     8
    24
    31
    25
     8
     8
     0
    10
   713
   680
    59
    47
     0
    67
    21
    68
   324
   295
    34
    28
    16
   137
    70
    84
    18
    17
    19
     0
    15
     0
    12
     7
   812
    25
    24
    45
    19
   273
     8
    37
    30
    36
    42
   180
    85
   110
   128
     0
     8
     8
     0
    21
     7
     0
     9
     7
  1083
     9
    22
    18
    69
   242
    19
    34
    19
    10
    29
   126
   104
    58
    57
     0
     0
    18
    12
     0
     0
    16
     0
     0
  1030
    41
    14
    24
    28
   264
    25
    14
    18
    27
     7
   125
   100
   116
   107
     0
    16
     0
     0
     0
     0
     0
     0
     9
   937
     7
    10
    18
    42
   289
    49
    23
    42
    38
     0
    59
    96
   106
    84
    18
     7
     0
     0
     0
     0
    16
     0
     0
   817
    40
    39
     9
    46
   383
     8
    15
     8
    24
     8
    63
    97
   102
    83
     0
    10
    25
    17
     0
     0
     9
     7
    15
   612
   589
    23
    38
    23
     8
     0
    38
   288
   370
     8
    27
    10
    79
   165
    76
     7
    15
     0
     8
    12
     6
     6
    32
   626
   655
    17
    13
    10
    24
    38
    50
   321
   341
    31
    52
    37
   198
   130
   124
     0
     0
     0
    14
    14
     0
     9
     9
   899
     6
    33
    13
    40
   323
    18
    16
    17
    15
    39
    83
   139
   105
    26
     8
    16
     0
    10
     0
    11
     6
     6
     9
  1045
     7
    44
     0
     8
   245
    22
    50
    78
    21
     9
   166
   128
    64
   100
     0
    10
     0
     9
     0
     0
     7
     0
    17
  1095
    13
    23
    51
    29
   351
     0
     7
    23
     0
    26
   120
    61
    71
   122
     0
     0
     0
     0
     0
     0
     0
    16
     0
  1015
    42
    17
    40
    40
   332
    46
    23
    41
    44
    23
    50
    85
    88
   136
     0
     8
     9
     0
     8
     7
     0
     0
    21
   893
     6
    17
    45
    15
   313
    47
    32
     0
     8
     0
    69
    90
    94
   111
     0
     6
     8
    15
    11
    17
    30
     0
    16
   558
   533
    28
    30
    29
    15
    20
    58
   271
   334
    13
    64
    23
    98
    91
   118
     6
    27
     7
     9
     6
     7
    37
     0
   494
   549
    46
    26
    26
    25
    15
     6
   244
   216
    17
    35
    36
   120
   156
   116
     0
    18
    16
     0
     0
     7
     0
     9
   870
    19
    31
     0
    33
   328
    28
    44
     0
    26
     9
   167
    57
    84
   161
     0
     7
     0
    26
     0
     0
     0
     0
     0
  1163
    43
    15
    19
    38
   323
     7
    34
    38
    17
    29
    57
    87
   108
   133
     0
     0
     8
     0
     0
     0
    10
    10
    25
   962
    27
    23
    26
    30
   348
    13
    16
    31
    24
    36
    93
    74
   127
    84
     9
     0
    14
     0
    10
    19
     0
    10
     0
  1129
    30
    11
    25
    34
   346
     7
    21
    22
    21
    25
    72
   105
   115
   110
     8
     0
     8
     0
     0
     0
     0
    11
     0
  1052
    36
    25
    25
    30
   365
    51
     9
    22
    34
     6
    65
    53
    76
   100
     0
     0
    25
     7
    10
    14
    24
     0
    19
   555
   603
    31
    33
    31
    33
    17
    25
   299
   271
     0
    15
     8
    85
    97
    92
     0
     8
     8
    16
    25
    21
    29
    10
   584
   618
     8
    59
    13
    22
    64
     8
   324
   297
    39
    15
    48
   165
   164
    93
    11
    24
     0
    16
     0
     0
    18
     8
  1101
    70
    17
    29
    14
   245
    22
    20
    30
    23
    31
   102
   111
   126
   111
     0
     8
     0
     7
    25
    10
     7
     9
     0
  1012
    21
    18
    53
    31
   398
    29
    42
    23
    20
    23
    90
    68
   178
   131
     0
     0
     8
     0
     8
     0
     8
     0
     9
   782
    15
    23
    23
    37
   326
    16
    11
    19
    42
    15
   106
    73
    57
    90
     6
     0
     0
     0
     6
     0
     0
     0
    26
   923
    30
    40
    38
    30
   231
    27
    32
     8
     9
    19
   120
    94
   113
   142
     0
     8
     8
     0
    12
     0
     0
    11
     0
   860
    32
    17
    19
    38
   324
     9
     0
    21
     0
    41
   121
    57
    63
    77
     0
    31
    12
     8
    15
     7
     0
    11
     0
   856
   437
    31
    19
    59
    23
    37
    15
   254
   267
    26
    62
    22
   142
    98
   133
     9
     0
     0
     8
     0
     7
    46
     8
   484
   570
    17
    29
    30
    17
    34
    28
   314
   231
    27
    41
    41
   109
    91
    99
     0
     0
     0
    23
    25
    17
     0
     0
  1023
    24
    14
    25
    30
   225
    33
    28
    32
    42
    41
   190
    96
   165
   113
     6
     0
     0
     0
     9
     0
     9
     0
     0
   872
    16
    23
    11
    36
   334
    20
    33
    33
    21
     9
   104
   113
   100
    85
    20
    15
    17
     0
     9
    29
     0
    16
    12
   946
    26
    15
    31
    44
   347
    16
    32
    24
    54
    31
   146
    95
    90
   116
     7
     0
     0
     0
    15
     0
    27
    10
     0
   838
    11
     8
    31
    33
   372
    57
    34
    24
    17
    37
    70
    90
    66
    65
     0
     0
     0
     0
    17
    12
     8
    29
     8
   948
    26
    51
    43
     6
   277
    24
    31
    25
    21
    49
    91
    78
    97
    92
    17
    23
    22
     0
     6
     7
     0
     7
     7
   452
   520
    14
     6
    22
    46
    18
    29
   241
   272
    16
    16
    38
    67
   115
   107
     9
    17
     0
     0
    12
    18
     8
     0
   662
   557
    36
    46
    30
    48
    34
    15
   297
   333
    10
    42
    34
   222
   159
    84
     9
     9
     0
     0
    10
     9
     9
    12
  1106
    24
    25
     7
    19
   267
     7
    17
    14
    42
     8
   158
   100
   102
   118
     0
     0
    13
     8
     6
     9
     0
     8
     0
  1117
    41
    43
    20
    24
   398
     0
     8
    41
    33
    39
    97
   132
    78
   127
     9
     0
     0
     7
     0
     9
     0
     7
     8
   942
    28
    18
     0
    22
   245
    18
    28
    16
    24
    14
   137
    79
   126
    65
     9
     0
     0
     0
     6
     0
     0
     8
     6
   915
    15
    33
    43
    34
   387
    35
    22
    48
    25
    28
   169
    72
   124
   145
     0
     0
    17
    12
     0
     0
     0
     0
     0
   968
     0
    36
    62
    17
   261
    27
     8
     8
    27
    34
    61
    86
   142
    90
     0
    24
    14
     0
     0
     7
    25
    15
     0
   604
   490
    24
    31
    25
     7
    35
    31
   281
   270
     8
    13
    23
    73
    67
   116
    14
     9
    28
     7
     0
    16
     9
    27
   527
   631
    45
    33
    19
    47
    36
    15
   250
   297
     9
     0
     0
    97
    85
    94
     0
     0
     0
     0
     0
     0
     8
     0
  1074
    17
    26
     0
    31
   295
    47
    31
    11
    31
    30
    77
    63
   151
   104
     0
     8
     0
     9
     0
     0
    18
     0
     0
   912
    27
    35
    10
    12
   280
    19
    18
     9
    26
    19
    76
    72
    62
   113
     0
     0
     0
    10
     0
     0
     8
     0
     0
  1085
    15
    33
    46
     0
   353
    17
    31
    25
     7
    58
    67
    64
   109
    83
     7
     0
     7
     0
     0
     0
     6
     0
     0
   865
     6
    17
    32
    20
   293
     0
    44
    29
    21
    51
    88
    50
    61
    68
     0
     0
     9
     7
     0
     0
     0
     0
     0
   956
    18
    36
     6
    37
   344
    34
    16
    23
    15
    31
   172
    61
    50
   129
    17
    25
     8
     7
    23
    17
     7
     0
    25
   580
   455
    32
    26
    27
    23
     8
    59
   287
   243
    33
    31
    21
    68
   107
   129
     0
     0
     0
    15
    23
     0
     7
    17
   572
   603
    15
    17
    23
    17
    36
    43
   247
   211
    29
    56
     9
    66
    99
    71
     0
     0
     6
    15
     0
     0
     7
    18
   877
    27
    37
    29
    16
   319
    29
     7
    49
    10
     8
    90
   116
   129
   103
     0
    17
    10
     0
     8
    11
    17
     0
    12
   949
    17
    20
    32
    18
   307
    16
    25
    18
    27
    24
   121
   111
    67
   117
     0
     0
     0
     9
    18
     7
     0
     0
     0
   790
    45
    43
    10
    13
   305
    28
    37
    14
     0
     0
   168
   100
    81
   107
     0
    15
     0
     0
     0
     0
     0
     0
     7
   994
     9
    16
    18
    31
   289
    27
    18
    41
    52
    15
    62
    79
   112
   148
     0
     0
     8
     0
     0
     0
     8
     0
     0
   841
    26
     0
    40
    13
   267
    55
    21
    21
     9
    14
    83
    80
   106
   127
     8
    17
     8
    10
    16
     8
     0
    21
    17
   580
   502
    50
    16
     0
    22
    35
     7
   269
   332
     8
    24
    11
   121
    88
    71
    13
     9
    32
     0
    19
     7
    17
    27
   484
   576
     0
    35
     6
    27
     7
    25
   280
   207
    36
    38
    26
    54
   123
   108
     0
    28
    10
    18
    18
     8
    20
     8
   810
    26
     8
    30
    64
   328
    28
    19
     0
    21
     7
   106
   115
    70
   108
     0
     9
     0
     0
     0
     0
     0
     0
     0
   903
    18
    24
    18
    23
   325
    71
    37
    34
     9
    37
   139
   120
   109
    44
     0
     0
    11
     0
     0
     0
     0
    19
     8
  1028
     7
    15
     0
    10
   415
    15
    17
    31
    26
    25
   107
    99
   145
    81
     9
     0
    15
     0
     0
     0
     6
     0
     0
  1008
    11
    64
     7
    22
   274
    14
    29
    23
    34
    29
    74
    76
    89
    84
     6
     0
     0
     0
     0
     0
     0
     0
     0
   963
    13
    23
    30
    35
   309
    13
    15
    17
    68
    50
    98
    57
   141
   130
     0
    10
     0
     0
     9
    21
     9
     6
     0
   400
   541
    41
    25
     0
    46
    21
     0
   311
   255
    20
    50
    39
   100
    78
    85
     0
     0
    16
    16
    18
    25
    18
     0
   478
   472
    41
    20
    14
    65
    26
     0
   322
   282
    37
     0
    40
    55
    83
   123
     0
     8
    12
     0
     0
    18
     0
     0
   986
    18
     0
    31
    21
   356
    11
    17
    17
     6
    41
    58
    91
    73
    95
     0
     0
     9
     0
    15
     0
     9
     7
     9
   935
    18
     6
    19
    19
   316
     0
    11
    13
    21
     8
    40
    60
    77
   136
     0
     0
     0
     6
     8
     0
     8
     0
     0
   844
    34
    18
     0
    14
   301
    32
    22
     0
     9
    28
   120
    53
    94
    65
    18
     0
     0
     0
     8
    28
     0
    20
     0
   930
    32
    20
    15
    25
   403
    19
     6
    19
    57
     0
   130
   123
    64
    64
    22
     6
     0
     0
     0
     0
     6
    10
     0
   926
    12
    11
    21
    26
   244
    31
    22
    42
    31
    20
   106
    83
    51
   104
     0
    32
     6
     7
    27
    13
    21
     9
    11
   642
   573
    14
    30
    53
    15
    50
    25
   303
   190
    36
    27
    30
    68
    96
    99
     8
    14
     9
    10
     6
     0
     0
    10
   494
   664
    21
    17
    46
    14
    23
    24
   221
   248
    23
    31
    29
   116
   122
   139
     0
     0
     8
     9
     0
     0
     0
     0
   892
    43
    19
     9
    17
   332
     8
    51
    18
    31
    34
    95
    97
    89
    93
     0
     0
     0
     0
     0
    18
     0
     0
     7
  1074
    25
    35
    16
    23
   295
    33
     0
    11
    27
    15
    79
    59
   103
    93
     0
     0
     0
     7
     0
     0
     6
    18
    18
   947
    14
    39
    27
    32
   321
     7
    16
     0
    44
    26
    55
   142
    92
   119
     9
     0
     0
     0
     0
    16
    24
     0
     0
   988
    51
    19
    44
    23
   248
    34
    30
    19
     0
    17
    72
   208
   141
    55
     0
    10
    18
    11
     0
     0
    27
     7
     0
   888
    29
    49
    16
     6
   308
    24
     9
    29
    15
    27
    64
    90
   118
    87
     9
     0
     6
    17
     8
     0
     8
    47
    21
   473
   437
     6
    30
    28
    21
    42
     0
   189
   238
    15
    56
    40
    79
   119
   123
    16
    17
    16
     0
    16
    17
     9
     0
   538
   537
    31
    15
     7
    48
    24
    24
   325
   175
    46
    41
    17
   114
    79
    58
     0
     0
     0
     0
     0
     0
     0
     0
   870
    41
    10
     0
    24
   295
    33
    51
    23
    44
    50
    79
   110
   112
    98
    16
     0
     0
     0
     0
     0
     7
     8
    12
   842
     6
    15
    25
    25
   341
    17
    14
    10
    25
     7
    87
    83
    82
   106
     0
     0
     8
    11
    10
     0
     0
     0
     0
   957
    20
    15
    32
    16
   264
    19
    21
    30
    25
     8
   130
    79
    84
    89
     0
     0
     7
     0
     0
     0
    13
     0
    10
   892
     0
    36
     9
    46
   204
    17
    30
    28
    40
    15
   119
    54
   116
   113
     0
     0
     0
     0
     0
     0
    11
    15
     7
   929
    16
    40
    31
    22
   271
    16
    67
    15
     6
    26
   106
    55
   107
    90
     0
     9
     7
    25
     0
     8
    10
     0
    14
   560
   488
    17
    36
    36
    34
    23
    26
   254
   218
    49
    26
    11
   104
   101
    91
     0
    43
     0
    17
     0
     0
     9
    15
   563
   393
    48
     0
    20
    27
    34
    54
   238
   258
    25
     9
    10
   143
   131
    56
     0
     9
     0
     0
     7
     8
     0
     0
   770
    51
     0
     7
    18
   200
    15
    42
    10
    32
    28
    61
    96
    93
    87
     0
     0
     0
     0
    13
     0
     0
     9
     0
   867
    19
    18
    23
    23
   342
    16
    14
    33
    16
    24
    92
   135
    83
    79
     0
     9
     0
     8
     0
     0
     7
     8
     9
   879
    23
    26
    20
    24
   282
    37
    26
    20
    32
    32
    51
    84
    39
   128
     0
    10
     0
    15
     0
     0
     0
     0
     0
   792
     0
    18
    40
    34
   323
     8
    26
    41
    14
     7
    79
    33
    72
    93
     7
     8
     7
     0
     0
    23
     0
    10
     0
   988
    26
     6
    12
     8
   307
     9
    33
     8
    15
    44
    96
   135
   119
   110
     0
     8
    32
    27
    18
     7
    16
     0
    22
   451
   511
    28
    34
     9
    45
    26
    18
   286
   281
    24
    68
    12
    36
    82
   133
     0
     7
    13
     7
     8
     8
    17
     8
   396
   481
     7
    16
    45
    29
    44
    61
   307
   292
    17
    35
    18
    69
    66
    89
     0
     7
     0
    10
     0
     0
     7
     0
   825
     7
    13
     7
    20
   270
    10
     9
    49
    26
     0
    91
    84
    96
    63
     6
     0
     0
    12
     0
    10
     0
     0
     0
   988
    17
    35
    26
    45
   297
    45
    43
    25
     7
    31
   141
    36
    91
   123
     0
     9
     0
     0
     7
     0
     0
     0
     8
   761
    43
    21
    32
    32
   258
    32
    23
    35
    19
    18
   101
    89
    70
    46
     0
     0
    12
     0
     0
    11
     0
     8
    15
   952
    12
    29
    13
    26
   228
    15
    17
     7
    25
    26
    91
    87
   124
    73
     6
     0
     0
     6
    41
     0
     0
     0
     0
   792
    22
    38
    47
    22
   220
     0
    22
    28
    16
    44
   114
   102
    96
    65
     0
     0
    16
     7
    15
    14
     0
     0
     9
   516
   606
    10
    25
     8
     6
    16
     7
   168
   250
    14
    30
     8
   115
   108
   113
     8
     8
     0
     9
    26
    17
     0
     0
   612
   605
    28
     6
    37
    29
    51
    49
   319
   299
    42
    75
    30
   107
   111
    82
     8
     7
     6
     7
    14
     0
     0
     0
  1020
    21
    19
     8
    31
   304
    56
    19
    15
    22
     0
    83
    55
    84
   152
     0
     6
    10
    12
     0
     0
     0
    10
     7
   965
    23
    11
    20
    16
   296
     7
     7
    17
    15
    44
    61
   117
   126
   108
     0
     7
     0
     0
     0
     0
     0
     7
    10
   999
    31
    13
    23
     9
   320
    16
    34
    27
    25
    41
    89
    42
    75
    78
     0
     6
     0
    10
     0
     0
     0
     0
     0
   731
    17
     0
    22
    24
   275
    25
    29
    57
    12
     6
   113
    97
   116
   137
     0
     0
     0
     0
     0
     0
     0
    19
    10
   757
    18
    34
    25
    17
   322
    17
    28
    19
     8
    28
    85
    81
   138
   124
     0
     7
    10
     7
     0
    16
    18
     8
     8
   442
   502
    35
     0
    23
    28
    15
     0
   254
   267
    52
     0
    24
    40
   122
   132
    10
    23
     0
    10
    15
     7
     0
    16
   460
   662
     6
    10
    25
     9
    10
    32
   192
   182
    48
     9
    22
   115
   109
   109
     0
     6
     9
     0
     0
     0
    18
     0
  1043
    17
    31
     8
    44
   401
     7
    18
    25
     0
    24
   105
    81
   124
   117
     6
     0
    10
     0
     0
     8
    14
     8
     0
   837
    33
    22
    40
    24
   254
    25
     7
    27
    36
    45
   122
    52
   141
    72
     7
     8
     7
     9
     0
     7
     9
     0
     0
   887
    23
    29
    18
     8
   274
    10
    10
    10
    10
    16
    89
   115
    79
   102
     8
     0
     0
     0
     0
     0
    16
    10
    10
   817
    32
    33
     8
    16
   318
    15
    23
    34
    33
     6
    84
   107
    39
    92
     6
     0
     0
     7
    10
     0
     0
     0
     0
   885
    18
    26
    10
    37
   288
    22
    29
    19
    17
    35
    54
    87
    73
   132
     0
    13
    11
     7
    16
    13
    20
    23
    25
   546
   405
    18
     0
    26
    71
     0
    10
   198
   276
     7
    35
    18
    83
   102
    81
     9
     0
     0
     0
     0
     6
    35
     0
   493
   501
    22
    18
    25
    18
    24
    31
   315
   185
     8
     9
    35
    88
    90
   101
    24
    15
     0
     0
     9
     7
    10
     0
   884
    14
    39
    15
    16
   261
     0
    27
    32
    42
    36
   100
   130
    72
   104
     0
     0
     0
    26
     7
     0
     0
     9
    14
   832
    15
     8
     7
    16
   346
    38
    16
     8
     0
    16
    92
   134
    15
    99
     0
     0
     7
    13
     0
    22
     0
    10
     0
   926
    31
    35
    17
     0
   248
    21
    39
    23
    16
    27
    88
   124
   151
    96
     0
     0
     7
     8
    10
     0
     0
     0
     0
   927
    14
    44
     9
    25
   289
    28
    34
    38
    32
    23
   107
    89
    81
    44
     7
     0
     0
     0
     0
     7
     0
     0
     0
   751
    15
    23
     7
    28
   269
     6
    30
    15
    15
    15
    31
    82
    91
   116
     7
     8
     8
     6
    22
     0
    10
    26
    38
   410
   495
     0
    11
    30
    17
    11
    28
   288
   242
    34
    15
     6
    72
    71
   102
    11
     0
     6
    15
     0
     8
    15
     6
   519
   476
    27
    10
    25
     6
    37
    17
   211
   321
    27
     8
    35
   114
   128
    90
     9
     8
     0
     0
     0
     0
     0
     0
   896
     6
    24
    56
    26
   291
     7
    26
    13
     0
     9
    74
   107
   101
   109
     7
     0
     0
     0
     0
     0
     0
     8
     0
   780
    57
     6
    36
     8
   187
    23
    22
    16
    16
     7
    94
    83
    56
   103
     6
     7
     0
    15
     6
     0
     0
     0
     0
   755
    24
    17
     9
    13
   206
    21
    34
     0
    29
     0
   132
   171
   137
    51
    11
     0
     0
    11
     0
     9
     6
     0
     0
   858
    23
    23
    63
    54
   289
    14
    15
    18
    65
    38
    73
    62
   109
    69
    11
     0
    19
     0
     0
     0
    10
     7
     6
  1020
    23
    16
    32
    21
   235
     0
    13
    19
    28
     8
    59
   138
    37
    51
     8
    14
    10
     8
     0
     9
     8
    13
    15
   586
   464
    42
     0
    18
    25
    17
     7
   239
   156
    27
    13
    29
    67
    67
   137
    25
     0
     0
     0
    16
    22
     9
    39
   584
   488
    28
    19
     0
    34
    26
    24
   250
   302
     0
    12
    20
    85
    74
    69
     0
     0
     8
     0
     0
     0
     0
     0
   942
    41
     8
    44
    28
   277
     0
    18
    29
     7
    10
   113
   122
    48
    46
     0
     0
     0
     0
     6
     0
     0
    19
     0
   829
    35
    32
     0
    26
   325
    50
    16
    28
    29
    16
    50
    66
    92
    76
     0
     0
     0
     0
     0
     0
     0
     0
     0
   823
     8
    25
     0
    11
   237
    48
     0
    18
     9
    10
    60
    92
   121
    71
     0
     0
     0
     0
     0
    11
     0
     0
     0
   748
    18
    15
    35
    30
   268
     0
    29
    15
    17
    23
    78
    61
    73
    70
     0
     6
     0
    25
     0
     0
     0
     9
     0
   841
    21
    12
    10
    17
   223
    37
    37
    16
    33
    10
    99
   131
    89
    78
     6
    26
     9
    25
     8
    20
     0
     7
    24
   491
   531
    26
    15
     0
     8
    16
    20
   256
   196
    25
    28
     8
    90
    84
    70
    16
    30
     0
     6
     0
     8
     9
     8
   524
   421
     7
    32
    20
     9
    38
     0
   298
   251
    14
    39
    30
    79
    85
    73
     0
     0
     0
     0
     7
     7
    10
     0
  1035
    30
    16
    21
    10
   307
    64
    35
     0
     8
    15
    75
    98
   109
   109
    10
     0
    10
     9
     7
     0
     7
     0
    11
   872
    14
    40
    19
    12
   346
    41
     6
    26
    51
    44
    36
    72
   121
   104
     0
     0
     0
     0
    19
    10
    16
     9
     0
   739
    15
    16
    26
    39
   297
     8
     0
    15
    12
    23
   103
    58
   108
    75
    16
     0
     9
     0
    17
     0
     9
    10
     8
   925
    30
    25
    21
    18
   229
    16
     9
     0
    27
    17
    54
   108
    81
    91
     0
     8
     0
     0
    11
    12
    12
     0
     0
   706
    71
     6
     0
    12
   205
    15
    27
    19
     0
     7
    98
   108
    62
    65
    10
     9
     0
    12
    21
     0
     0
    25
    10
   586
   646
    35
    23
    19
    23
    20
    13
   178
   257
    29
    53
     0
    80
    62
    77
     0
     0
     0
     0
     0
    33
    18
     0
   324
   481
    20
     0
    38
    14
    21
    43
   181
   134
    42
    46
    43
    90
   105
   130
     0
     6
     0
     8
    15
     0
     0
     0
   831
    14
     8
    49
     8
   354
     9
    17
    24
    16
    30
    67
   121
    86
   106
     8
     9
    10
    10
     0
     0
     0
     0
    17
   856
    54
    36
    22
    14
   281
    32
    32
    30
    19
    25
   130
    45
   100
    98
     0
     0
     0
     0
     8
     0
     7
     0
     8
   711
    26
     8
     0
    15
   267
     8
    37
    52
    26
    10
    93
    80
    91
   104
     6
     0
     7
     7
     0
    10
     8
     8
     0
   788
    34
     0
    18
    61
   366
    37
    18
    24
     7
    18
   125
    32
    52
    72
     7
     0
     0
     0
     0
    17
     0
     0
     0
   959
    60
     0
    66
     7
   187
     6
    16
     6
    36
     0
    54
    32
    75
    56
     0
    24
    11
     8
     0
     0
    12
     6
    17
   493
   534
    60
    34
    16
     8
     9
    25
   235
   205
    23
    24
    27
   119
    74
    50
     0
     0
     6
     9
     0
    15
     0
    13
   510
   423
    18
    24
    41
    24
    14
    25
   252
   318
    34
    22
    31
    83
    66
    69
     0
     0
     0
     0
     0
    15
    18
     0
   717
    12
    45
    20
    25
   322
    21
    14
    47
     7
    29
    93
    71
    64
    68
     0
     8
     0
     7
     0
     0
     0
    10
     0
   890
    20
    16
     0
    40
   323
     7
    18
    47
    43
     0
    44
    78
   127
    87
    12
     0
     0
    15
     0
     0
     0
    10
     0
   738
    24
    29
    24
    48
   361
    19
     6
    38
    22
     9
    75
   121
    54
   125
     7
     0
     0
    11
     0
     9
     0
    10
     0
   851
    21
    33
    35
     0
   272
     7
     8
    26
     9
     9
    60
    61
    79
    68
     7
     0
     0
     0
    22
     0
     0
     0
    11
   815
    18
    17
    28
    52
   181
    27
    22
    24
     7
    46
   129
    86
    75
   103
     0
    27
    27
    28
    10
    11
    25
     0
    25
   492
   393
    16
    47
    25
     0
    17
     6
   314
   208
    22
    14
    45
   171
   180
   104
     8
     7
    19
     0
    27
     0
    15
     0
   417
   489
    45
    16
    26
    36
    13
    25
   174
   254
    31
     9
    38
    87
    40
    77
     0
    10
     0
     6
     0
     7
     0
     0
   870
    61
    25
    28
    26
   195
    43
    16
    47
     7
    15
    98
    86
    70
    73
     6
     0
     0
     0
     0
     0
     0
     0
     0
   862
     7
    41
    28
     9
   300
    26
    10
    12
    25
    40
    35
    92
    92
   110
     0
     0
     0
     0
     0
     0
    10
     0
     0
   888
    28
     9
    27
    14
   270
    19
    31
    19
    25
    18
   122
    72
    79
    86
     0
     0
     0
     0
     9
     8
    10
     0
    16
   906
    25
    32
    16
    28
   255
    26
    19
    37
    22
    14
    65
    70
   112
    95
     0
     6
     0
    19
     0
     0
     7
     0
     0
   793
    31
    13
    13
    26
   252
    35
    27
    17
    32
    22
   117
    77
   133
    63
    10
    16
    11
     0
     0
     0
     0
     7
     0
   464
   481
    14
    41
    24
    48
     7
     9
   190
   217
    58
    17
    30
   129
    98
   106
     0
     0
    24
    20
     9
    10
     9
    17
   555
   513
     0
    16
    10
    23
    20
    49
   260
   177
    30
    22
    34
    65
    84
    51
     0
     0
     0
     0
     0
     6
     0
    15
   869
    19
     9
    26
    52
   278
    29
    58
    37
    34
    42
    78
   108
    35
    49
    20
    25
     0
     8
    10
     9
     0
     9
     0
   802
    24
    43
     6
    24
   338
     8
    18
    36
    22
    22
   117
    75
   111
   109
     0
     0
     0
     0
     6
    12
     0
     9
     0
   796
     0
    15
    27
     0
   299
    16
    23
    16
     8
    18
   122
   100
    70
    95
     0
     6
     7
     0
     0
     0
     8
     0
     0
   824
    17
    28
    46
     0
   291
    42
    34
    12
    19
    42
    40
   100
    46
    88
     0
     9
     0
    16
     0
     6
     7
     0
     7
   845
    26
    25
    33
    54
   204
    34
     8
     0
    10
    16
    69
    85
    58
    57
     0
     0
    21
    10
    30
     0
    14
     6
     0
   458
   517
    61
    29
    15
    30
    19
    62
   242
   288
    26
    41
    29
   185
    35
   134
    17
     9
     6
     7
    10
     0
     7
    10
   355
   558
    52
    41
    35
    35
    16
    22
   218
   214
    49
    29
    18
   110
    93
   143
     0
     0
     8
     8
     0
     0
     7
     0
   801
    58
    16
    13
    15
   295
    16
    28
     8
    25
    23
    47
    84
    50
   170
     0
     0
     7
    18
     0
     0
     0
     9
    20
   785
     0
    23
    33
    17
   303
    47
    35
    12
    10
    51
    76
    86
    77
    86
     0
     0
     0
    11
     0
    15
     0
     0
     0
   865
    26
    17
    23
    27
   221
    21
    25
    13
    74
    21
   127
   128
    86
   126
     0
     0
    18
     9
    17
     0
     0
     0
     0
   834
    32
    32
    29
    20
   226
    34
     0
     7
    20
    39
    92
    84
   129
    87
     0
     0
     8
     0
     0
     0
     0
     0
     0
   828
     6
    62
     7
    16
   254
    32
    16
    46
    34
    28
    75
   110
    59
    89
     0
     9
     9
    20
     0
     0
    14
     6
     9
   433
   587
    20
    29
     0
    60
    24
    30
   216
   215
    14
    18
    24
   120
   120
   120
     0
     8
    11
     6
    18
    30
     8
    21
   506
   476
    32
     9
    26
    25
    38
    30
   316
   250
    14
    18
    22
   151
    90
   100
    17
     0
     0
     0
     6
     0
    16
    10
   954
    10
    33
    33
    19
   408
     9
    33
    16
    50
    35
    99
    99
    85
   108
     9
     0
     0
    17
     0
     0
     9
     0
     0
   686
    34
     0
    45
    16
   275
    34
    12
    42
    43
    49
   108
    64
    83
    58
     8
     9
    14
     0
    10
     8
     0
     0
     0
   900
    26
    36
    42
    23
   263
     8
    16
    31
     0
    33
    47
    54
    93
   119
     8
     0
     0
     0
    12
     0
     0
     9
     0
   864
    14
    17
    29
    30
   306
    25
    29
     0
    25
     8
    71
    57
    81
   105
     0
     7
     0
     9
     6
     9
     0
     0
    11
   906
    25
    38
    20
    33
   232
    25
     0
    14
    14
    15
    98
    91
    92
    62
    12
    30
     0
    16
    34
     7
    10
    10
    11
   578
   575
    35
    43
    22
     9
    17
    18
   218
   256
    23
    19
    40
    81
    93
    94
     0
    22
     8
     9
     0
    32
    17
     7
   614
   453
    25
    15
    27
    35
    34
    29
   180
   305
    27
    10
     9
    95
    67
   110
     0
     7
     0
     0
     0
    12
     0
    10
   837
    12
    46
    16
    28
   312
    25
    49
    27
    26
    47
    75
    59
    97
    60
     8
    16
     0
     0
     0
     0
    18
     0
     0
  1026
    18
    20
    10
    21
   315
    28
    31
    25
    26
    25
   160
    80
   113
    58
     0
     0
     7
     7
     0
     0
     0
     0
     0
   901
     6
    41
     7
    13
   254
    43
    10
    13
    43
    10
    74
   116
    91
    98
     0
     0
    17
     0
     0
     7
     9
     0
     0
   854
    25
     6
    16
     8
   275
    10
    24
     8
    27
    29
    69
    96
    86
    72
     0
     0
     0
     0
    12
    10
     7
     0
     0
   925
     8
     8
    41
    26
   282
    18
    29
    27
    13
    16
    92
    82
   112
   144
    10
     0
     8
    17
     0
    16
     8
    11
     6
   446
   441
    44
     8
    25
     8
    49
    17
   326
   272
    19
    10
    37
   101
    94
    88
     0
     0
    18
    17
     0
     7
     0
    20
   526
   575
     6
    21
    23
    21
     8
     0
   210
   287
    33
    41
    49
   132
   117
   102
     0
     8
     6
     0
     6
     0
    17
     0
  1102
    36
    16
     0
     0
   258
    22
    28
    13
    24
    18
    97
   132
    77
   120
     0
     0
     0
     9
     0
     0
     9
     9
     0
  1012
    16
    23
    43
    30
   273
    15
    31
    31
    13
    26
    72
    55
    67
    96
     0
     8
     8
     9
     0
    10
     0
     9
     0
   883
    16
    25
    32
     7
   301
    17
    24
    18
    17
    42
    48
    84
    73
   116
     0
     0
     0
     7
     0
    22
     0
     0
     6
   679
    21
    46
     0
    31
   252
    28
    39
    46
    43
    45
    76
    92
    50
    58
     0
    10
     0
     9
     0
     0
     0
     0
     0
   817
    17
    16
    22
    41
   334
     9
    43
    51
    13
     8
   112
    47
    78
    73
     0
    11
     9
     0
     9
     0
    40
    10
     0
   509
   588
    35
    23
    28
    27
    33
    31
   288
   293
     8
    33
    27
   122
   105
    81
    16
    16
     6
     0
     0
     8
    20
    52
   548
   452
    24
    16
     0
    17
    26
    34
   203
   262
    21
    17
    16
   112
    86
    76
    16
    13
     0
     8
     0
     9
     0
     0
  1047
     0
    30
     9
    20
   319
     0
    25
    13
    20
    44
    98
   126
   105
   103
     0
     6
     8
    16
     0
     0
     0
     0
     0
   949
    17
    45
     0
    22
   272
    48
    31
    14
     0
    21
    82
    84
    96
    54
     9
     9
     0
     7
    11
     0
     0
     0
     9
  1035
    29
    16
    64
    27
   300
    19
    13
    25
    27
     7
    75
    96
    70
    96
     6
    22
     7
     7
    18
     7
     0
    11
     0
  1108
    16
    15
    34
    37
   196
    76
    18
    38
    50
    23
    42
   100
    98
   113
     8
     0
    20
    11
    18
     6
     0
     0
     0
   951
    37
    15
    16
    26
   305
    18
    25
     0
    30
    22
    65
   106
    53
    73
    21
    10
    17
    38
     0
    16
     0
     0
    10
   539
   556
    34
    40
    32
    17
     0
    44
   249
   246
    50
    23
    25
   113
   159
    73
     0
     7
     6
    26
     9
    23
    19
     8
   506
   570
    28
     6
    58
    21
    17
    17
   192
   201
     9
    44
     6
    77
   124
   114
    10
     8
     0
     8
     8
     0
    18
     0
   761
    32
    25
    14
     8
   192
    15
    28
    32
    18
    35
   107
   137
   104
    95
     0
     7
     0
     0
     0
     0
     7
    10
     0
  1001
    20
     9
    33
    30
   283
     0
    18
    41
    20
    41
   103
    76
    79
    81
     0
     7
     0
     0
     8
     0
    19
     0
     0
   779
    39
    25
    30
    24
   227
    30
     0
     6
    42
     8
   102
    79
    75
   139
     7
     0
     0
     8
     0
     0
     0
     8
    10
   964
    22
    27
    19
    50
   323
    15
     9
    16
    32
    25
    86
    40
    66
    51
     0
     0
     9
     7
     0
     0
     9
    15
    16
   595
     7
    63
     0
     0
   218
     7
    29
    39
    54
    39
   132
    93
   126
    65
     0
     0
    11
     0
    25
     0
    19
     0
    11
   368
   615
     0
    14
    24
    21
    26
    24
   203
   238
    36
    14
    32
    49
   126
   130
    16
     0
    25
    18
     7
    23
    13
     0
   617
   554
    25
     9
    26
     9
    54
     9
   214
   300
    17
     0
    26
    96
   112
    86
     6
     8
     0
     8
     8
     0
     0
     0
   928
    37
    86
    15
    24
   301
     0
    18
    29
    29
    27
    86
    59
   183
   132
     0
     0
    16
    23
     0
     0
     7
     0
     6
   881
    17
    13
    18
    11
   213
    15
     0
    13
    38
    45
   121
    97
    67
    73
     0
     0
     0
     0
     0
     0
    26
     8
    17
  1022
    32
    10
    23
    24
   320
    24
    25
    19
    38
    11
   119
    87
   131
    54
     6
     8
     7
     0
     6
     0
     0
    26
    10
   994
    35
    47
    20
     8
   386
     6
    13
    28
    18
    31
    81
   111
    94
    67
     0
     0
     0
    15
     0
    12
    12
     0
     0
   893
    21
    26
    17
     7
   259
    25
    25
    20
    34
    28
   125
   114
    57
   127
     0
     0
     7
    20
     0
     6
    25
    10
     0
   590
   429
    10
    37
    22
    47
    19
    39
   283
   242
    46
    23
    47
    95
   145
   167
     7
    13
    23
     0
     7
    16
     0
    20
   439
   575
    23
     9
    24
    21
    44
    27
   275
   289
     8
    25
    36
    63
    80
    73
     0
     9
     7
     6
     0
    28
     6
     0
   959
    32
     9
    17
    13
   348
    27
    58
    27
    15
    26
   117
    80
    58
   171
     0
     0
     0
     7
     0
     0
     0
     0
    21
   842
    44
    25
    16
     7
   428
    15
    20
    33
    18
    15
    81
   129
    35
    85
     0
     0
     0
     0
     0
    17
     0
     8
     0
   948
    26
    28
    28
    35
   286
    24
    41
    17
    48
    25
    41
    59
   119
    59
    10
     0
     8
     8
     7
     0
     0
     9
    10
   957
    42
    26
    13
    22
   425
    27
    22
    42
    27
    19
    73
   145
   150
    68
     0
     7
     0
     7
     8
     0
     9
     8
     0
   960
     0
    16
    24
    17
   416
    24
    17
     0
    31
    47
   144
   116
   131
   118
     0
    13
    10
    11
    24
     0
    24
     8
     6
   579
   618
    31
    42
     7
    23
    34
    16
   263
   237
     0
    17
    15
   113
    93
   165
    21
    17
     0
     0
     0
     0
     9
     0
   613
   529
    48
    47
    51
    22
    39
    25
   305
   222
    18
    23
    46
   122
   121
    82
     0
     8
     9
     9
     0
     0
     6
     0
   899
    29
     9
    48
    44
   341
    15
    61
     8
    16
    23
   113
    93
   132
    78
     7
     9
     0
     0
     9
     0
    10
    12
     0
   983
     0
    14
    20
    26
   256
     7
    29
    18
    16
    27
   101
    47
   105
    42
    10
     0
     0
     7
    11
     9
    18
     0
    10
   953
     7
    38
    29
    53
   316
     9
     0
    37
    22
    30
   102
   121
    83
   148
     0
     0
     0
     6
    17
     0
     0
     0
     0
   891
    14
    50
    20
    12
   253
    21
    16
     6
    30
     8
    75
   180
    87
    83
     9
     0
     0
     0
     0
     0
     0
     0
     8
   848
     9
     9
    15
    15
   187
    14
    14
    56
    18
    23
    99
    66
   103
    77
     0
    29
    23
    17
    15
     0
    17
     0
    22
   546
   534
    33
    37
    14
    51
    49
    37
   259
   240
    26
    32
    17
   124
   100
    89
    19
     9
     0
     9
     8
    18
    19
     0
   612
   593
    37
    23
    45
     9
    38
     6
   361
   189
     7
     8
    22
    95
    77
   184
     8
    11
     8
    17
     0
    10
     6
    12
  1099
    19
    21
     9
    30
   343
    31
     0
    42
     6
    23
   137
   122
    68
    97
     9
     0
     0
     8
     8
    11
     0
     0
     8
   927
    16
    14
     9
    13
   227
    21
    64
    23
    32
     0
    85
    36
    57
    66
    10
     8
     0
     0
    11
     0
    11
     0
     9
  1038
     7
    60
    14
    17
   281
    27
    26
    20
    26
    25
    70
   128
    81
   119
     0
     0
     0
    25
     0
     0
     0
    20
    10
   833
    23
     0
    40
     8
   223
    24
    20
    42
    45
    46
   105
   164
   101
   107
     8
     9
    19
     0
     9
    19
    10
     9
     0
   842
    15
    19
    24
    33
   333
    21
    43
    30
    50
    25
    75
    97
    85
    36
     7
    10
    15
    24
    29
     8
     7
    10
     7
   562
   503
     7
    13
    28
    22
    24
    43
   229
   337
    37
    25
    41
   131
    88
   131
    14
    20
     6
    12
     9
     9
    10
     0
   498
   529
    17
    50
    22
    39
    34
    19
   238
   307
    20
    32
    68
   130
    80
   117
     0
    16
    27
    10
    10
    12
     7
     6
   838
    44
    20
    45
    17
   329
    17
    21
     0
    19
     8
    45
    97
   147
    83
     0
     0
     7
    14
     8
     9
     9
     0
     0
   727
    14
    46
    14
    33
   319
     0
    30
    25
    17
    30
   133
   130
   115
   136
     0
    13
     0
    19
     0
     9
     6
    10
     0
   950
     0
     6
    17
    31
   285
    23
    17
    12
    13
    17
   122
    84
   107
   116
     0
     0
     0
     0
     0
     0
    32
    11
     0
   918
    34
    40
    19
    42
   320
    25
    28
    45
    29
    15
   104
    98
   135
   158
     8
     0
     0
     0
     6
    19
     9
     0
     0
   926
    28
     0
     9
    50
   282
    27
    30
    51
    25
    50
   150
   144
    74
   106
     0
     0
    30
    15
     8
    28
     0
    11
    16
   450
   575
    32
    75
    39
    53
    40
    44
   220
   229
    49
    15
    43
    94
   109
   181
     0
    15
    25
    14
    23
     9
    10
    25
   506
   562
    22
    49
    34
    26
    10
    51
   228
   320
     0
    23
    21
   123
   150
   135
     0
     0
    10
     0
     0
    10
     9
     0
   867
    22
    37
    30
    10
   349
     7
    23
    43
    27
    26
   117
   105
    56
   115
     0
    19
     0
     8
     0
     0
     8
     0
     0
   909
    18
    28
     9
    23
   290
    24
    25
    28
     0
     9
    60
    75
   124
    78
    30
     0
     6
     0
     0
     0
     0
     0
     0
   866
    31
     0
    37
     6
   400
     0
    22
    25
    31
     6
    67
   106
    35
   154
     9
     9
     6
     0
     0
    20
     0
     8
     0
  1048
    33
    41
    19
    52
   224
     8
     7
    22
    37
    36
    85
   101
    69
    80
     0
    10
     9
     7
     0
    20
     0
     0
    16
   906
    20
    57
    26
    27
   257
    37
    13
    46
     0
     8
   136
    58
    83
   102
     0
    23
    23
    15
     0
     8
     7
    18
    30
   550
   483
     0
    25
    27
    25
     0
    10
   328
   264
    24
    23
    36
    94
   131
    77
     0
     6
     0
     6
    17
     0
    32
     8
   608
   569
     7
    43
    26
     0
    31
    19
   326
   295
    45
    38
    27
   167
   151
   121
     0
     8
     0
     9
     0
     9
     9
     7
  1027
    52
    35
    60
    30
   335
    27
    31
     0
    43
     8
   107
   113
   109
    67
     0
    10
     0
     7
    15
     8
     0
     0
     0
   941
    42
    17
     6
    35
   328
    35
    40
    47
    33
     0
    92
   165
   100
   127
     0
     0
    11
    10
     7
     0
     9
     0
     0
  1083
    40
    24
    40
    32
   324
    18
    21
    38
    17
    17
    72
    82
    68
    81
     6
    10
     0
     0
     9
    32
     0
     8
     6
  1061
    11
     9
    39
    20
   241
    18
    17
    15
    36
    12
    72
    37
   148
    82
     0
     0
    10
     0
     0
     8
    11
     0
     0
  1080
    56
    50
    19
    48
   368
    17
    26
    29
    48
    46
   117
    51
    50
    66
     0
    19
     7
     7
     8
    24
     8
    19
     8
   544
   516
     9
    49
    49
    22
    24
    55
   260
   260
    41
    24
    59
   115
   138
   131
    16
    15
    15
     8
    15
     0
     9
    12
   494
   640
    47
     8
    40
    37
    43
    24
   259
   287
     8
    17
    13
    70
    71
   122
     0
     0
    18
     0
     6
     0
     8
     6
   924
    39
    30
    46
    25
   367
    10
    21
    25
    38
    14
   121
   123
    90
    77
     7
    10
     0
    11
     9
     0
     0
    16
     0
  1196
   137
    16
    13
    30
   422
    44
    48
    18
     9
    14
    78
    76
   149
   108
     0
     6
     0
     8
     0
     7
     0
    18
    31
   913
    35
    15
    58
     7
   395
    30
    27
    36
     0
     7
   166
   108
   103
    68
     9
     0
    12
     0
     9
     0
    14
     0
     0
   926
    33
    37
    19
    42
   291
    19
    26
    16
    18
    11
    89
   137
   118
    79
    10
     0
     7
     9
    11
     0
     0
     0
     0
  1107
    18
    29
    13
    42
   314
     8
    26
    22
    19
     9
   128
   137
   140
   145
     0
     0
     9
    49
    10
    10
    18
     6
    21
   504
   505
     9
    32
    50
    34
    34
     7
   224
   231
    40
    21
     6
   131
    61
    99
     0
     0
     0
     0
    10
    14
     8
     9
   626
   602
     0
    37
    42
    17
    65
    15
   314
   281
    34
    15
    43
   122
   117
    84
     7
     0
     9
     8
     6
     8
     8
     7
  1042
    19
    61
    34
    33
   263
     0
    43
    27
    58
    33
    72
    55
   142
   157
     0
     9
     0
     0
    17
     0
     9
     0
     7
   908
    36
    26
    21
    26
   248
    15
    33
    42
    13
     8
   107
    97
    86
    64
     0
     0
     0
     0
    19
     9
     7
     0
     0
  1026
    26
    40
    32
    25
   375
    46
    27
    18
    38
     8
    85
    89
    75
    68
     0
     0
     0
     0
     8
     6
     0
     9
     0
  1014
    54
    26
    43
    16
   210
    28
    17
    23
    12
    24
    97
   117
    96
   139
     8
     7
     0
    15
     7
     0
     0
     0
     0
  1193
    27
    28
    19
    24
   316
    27
    40
    26
    19
    29
    29
   150
    68
   102
     9
    35
     0
    10
     0
     8
    17
    15
    27
   548
   609
     6
    10
    23
    68
    33
    18
   253
   192
    38
     6
    15
   119
   109
    86
     0
    14
    20
     7
    16
     0
    17
     7
   629
   597
    29
    28
    29
    28
    23
    30
   252
   249
    15
    42
    14
   111
   165
   122
     0
     0
     0
     0
     0
     0
     9
     0
  1043
    14
     0
    49
    39
   237
    14
    19
    10
    22
    18
   164
   129
   104
    85
     0
     0
