     5
     0
     0
    10
    12
     0
     4
   865
     5
    14
    22
    14
   334
    21
    15
    21
     9
    48
    50
    46
   172
    35
     0
     4
     0
     0
     1
     0
     0
     3
     7
  1180
     8
    38
     7
    58
   311
    22
    13
    49
     7
     5
    45
   129
    93
   125
     0
     0
     3
     6
     8
     8
     0
     8
     2
  1051
     0
    18
    13
    53
   161
     4
    82
    11
     4
    20
    65
   127
    74
    91
     1
     0
     0
     0
     0
     2
     0
     0
     0
   915
    37
    13
    14
    19
   447
    18
    57
     0
    24
    46
    97
   102
    58
   267
     2
     0
     0
     0
     0
     0
     0
     0
     0
  1141
    69
    19
    12
     8
   545
     4
    68
    39
   105
     7
    77
   145
    73
   100
     7
     9
     2
     7
     1
     3
     0
     0
    43
   536
   729
    19
    19
    17
    21
    22
    27
   253
   233
    52
    15
    31
   173
    40
    21
    11
    11
    14
    19
     6
    42
    14
     6
   455
   532
     0
    13
    32
    44
     7
    27
   314
   181
    66
     6
    16
   176
   131
   120
     0
     2
     0
     1
     3
     0
     0
     0
  1171
    43
    55
    45
    20
   279
    58
    63
     1
    22
    65
   106
    41
    49
   108
     0
     8
     2
     0
     0
     0
     0
     1
    11
   990
    14
    23
    14
    43
   387
    10
     8
     6
     2
    12
    60
   274
   190
   148
     0
     5
     0
    12
     1
     0
     0
     0
     2
  1172
   186
    28
    14
    23
   284
    14
     4
     3
    13
    25
   160
   118
    49
    86
     0
     0
     2
     0
     2
     0
     1
     0
     0
   732
    48
    41
    18
    57
   288
    21
     8
    54
     6
     0
   174
   160
    74
    90
    14
     0
     0
     0
     0
     5
     0
     4
     3
  1098
    10
    13
    22
     7
   317
     9
     3
     6
    51
   150
   301
    47
   120
    76
     0
     0
     0
     5
    15
    13
    39
     1
     0
   444
   482
    64
    25
    49
    20
    50
    12
   287
   397
     5
    67
     4
   148
   161
   211
    11
     8
     6
     0
     3
    46
    41
     3
   465
   476
     4
    10
    46
     9
    14
    25
   250
   214
    12
    14
     7
   204
    84
   123
     1
     7
     0
     0
     0
     0
     9
     0
   906
    48
    39
    22
    70
   341
     0
   107
     7
    12
    20
    44
    20
   299
    89
     6
     4
     0
     0
     0
     0
     0
     7
     1
  1065
     4
    15
    10
    29
   385
    96
    16
    11
     9
    52
    35
    82
    40
    71
     8
     2
     9
     6
     2
     0
     4
     0
     0
  1086
    14
    25
    15
    11
   268
     6
    23
     5
     7
     2
    47
    56
   278
   110
     0
     0
     0
    41
     0
     0
     2
     0
    42
  1027
    46
    14
    58
   159
   363
    55
    13
     0
    16
    25
    56
   123
    67
    96
     0
     3
    48
    44
     2
     0
     0
     3
     9
  1172
   257
    16
    52
    23
   551
    17
    14
    17
    49
    12
   126
   122
   221
   108
     0
    16
     3
     0
     3
     1
   138
     0
     8
   724
   649
   156
    51
    28
    79
    25
    46
   266
   225
   127
     6
    53
    62
   138
   108
    12
     1
     0
     3
    12
     9
     1
    12
   661
   445
    22
   114
    48
     5
    18
    43
   261
   528
    20
    35
     8
    59
   127
   226
     0
     2
     0
     0
     0
     0
     0
    10
   896
    24
    68
    50
    10
   378
    20
    11
     8
   159
    16
   103
   155
    51
    98
     0
     0
     0
     0
     0
     8
     0
     0
     4
   830
    15
    13
    17
    56
   389
     3
     3
    19
    31
    53
   143
   115
   121
   132
     1
     0
     0
     0
    17
     0
    47
     6
     0
  1198
   134
    69
    71
    14
   385
     5
     2
    14
    14
   159
    72
   149
    68
    28
     0
     0
     6
     0
    40
    39
     0
     1
     9
  1016
    11
    21
    69
     2
   369
    29
    51
     2
    17
    11
   103
    66
    65
    74
     7
     0
     0
     0
    11
     1
     0
     1
     0
  1179
    50
    30
    54
    46
   305
     9
    12
     9
     6
    24
    95
    35
    31
    80
     1
     1
     0
     1
     2
    16
    13
     4
    96
   451
   444
    11
    53
    11
     3
     4
    16
   246
   294
     3
    86
    26
    86
   145
   128
     8
     9
    20
     2
     9
    21
     0
    15
   777
   398
    23
    17
    17
    61
     7
    11
   599
   137
    24
    77
    21
   133
   141
   110
    41
     0
     6
    40
     0
    45
     5
     6
   861
    14
    13
     3
    19
   459
    12
    26
    10
    15
    19
   163
    95
   104
    30
     4
     0
     6
     1
     0
     0
     1
     0
     5
   904
    44
     0
    49
     5
   296
     8
    10
    20
     4
    12
    33
   107
    26
   122
     0
     0
     9
     0
     5
    14
     1
     7
    10
  1153
    48
     9
    40
    47
   336
     9
     7
     5
    23
    17
   155
    80
    53
   125
     0
     5
     6
     0
     3
     5
     0
     0
     1
   789
    52
     9
    15
    23
   324
    50
    23
     7
     6
    22
   130
    47
    65
    97
     3
     0
     0
     9
     7
     0
     3
     3
     0
   741
    63
    46
     4
    20
   310
     9
    12
    16
    48
    17
   236
    88
    97
    76
     0
     0
     7
    11
     0
     6
    41
    15
     6
   610
   644
    18
    20
    12
    25
     3
     6
   175
   487
    20
    62
    17
    61
   129
    79
     9
    13
     4
     8
    19
     0
     0
     7
   811
   498
    24
     6
    23
    58
    16
    64
   227
   354
    16
    25
    13
    83
    61
   136
     0
     0
     9
     0
    40
     0
    12
     0
   935
    10
     9
    30
    28
   370
    45
    57
    11
    14
     3
   198
    40
    33
    72
     0
     0
     0
     0
    11
     4
     0
     0
     4
  1156
     6
    20
    20
    11
   369
    66
    19
    64
    31
     5
    95
   121
   156
    41
     2
     0
     0
     0
     5
     1
     5
     3
     0
   983
   160
     8
    24
    16
   374
     4
    15
     6
    12
     8
   103
    43
   128
    33
     3
     3
     7
     7
     2
     0
     0
     0
     1
   903
    12
    13
    57
     7
   432
    56
    10
    17
    14
    50
   141
    67
    85
   134
     0
     0
     8
     0
     6
     1
    10
     0
     0
  1134
    18
    62
    67
    13
   377
    10
    21
    12
     7
     4
   156
   140
    63
   113
     0
     3
     2
     2
     1
     1
     0
     6
   152
   365
   412
   270
    18
    63
    25
    19
    42
   221
   457
    20
     7
    58
    66
   137
    26
    38
     0
    19
     7
     6
    15
    17
     0
   561
   540
    14
     0
    59
    10
    49
    18
   245
   238
    15
    16
     2
    91
   114
   171
     0
     0
     4
     6
     2
     8
     0
     6
  1165
   136
    13
    17
     9
   633
    12
    22
    46
    29
    11
   164
   105
   104
   101
     0
     2
     4
     0
     1
     6
     0
     6
     0
  1177
   181
    45
    45
    55
   289
   169
    15
     3
    56
     5
    49
    80
    98
    77
     0
     0
     2
     0
    10
    44
     8
     7
     0
   971
    10
    29
     8
    11
   353
    17
    54
    13
    24
    21
    95
   140
   150
   188
     0
    42
     5
     4
     0
     0
     2
     0
     0
   726
    19
    23
    12
     5
   332
    56
    42
     8
    43
    19
    35
    94
   115
   120
     0
     0
     0
     4
     0
     8
     8
    11
     0
   993
    52
     5
     7
    18
   339
    13
   143
     0
     9
     4
   113
   106
   127
   158
     0
     2
    12
    39
     5
     0
     8
     2
     1
   574
   463
     8
     6
     8
    57
    18
   103
   478
   195
    59
    12
    18
    88
    39
   105
     6
     8
     3
     0
     0
     3
     5
     0
   713
   609
     0
     9
    46
    77
    15
     3
   357
   214
   146
    53
    10
    97
    79
    61
     2
     0
     0
     0
     0
    13
     0
     0
  1173
   125
    56
    14
     8
   321
    21
     6
    46
     1
     0
   286
    74
   101
   132
    46
     0
     3
     0
     0
     0
     6
     2
     0
   881
    19
    20
   100
     0
   232
    10
     9
     3
    18
    20
    41
    36
   354
    49
     7
     2
     9
     0
     6
     9
     8
     4
     6
   635
    12
    18
     3
    50
   385
     8
    14
    11
    59
    50
    39
   253
   144
    90
     0
    42
     0
     2
     0
    15
     0
     0
     1
   728
    60
    19
    11
    20
   382
    49
    46
    11
     1
    10
   436
    82
   186
    62
     1
     9
     7
    13
     0
     0
     5
     0
     8
   977
    92
    11
     4
    45
   358
     0
    44
     9
     6
    13
    97
    43
    25
    45
     0
     2
    13
     5
     5
    13
     2
     9
     7
   802
   888
    63
     8
    56
    18
    59
   158
   270
   304
    54
    27
    96
    60
   121
   106
    45
     0
    15
    52
    16
     3
     0
     0
   546
   688
    78
    15
    41
     0
     7
    22
   426
   352
     7
    10
    27
   141
   155
   147
     0
     4
     0
     0
     0
     0
     0
    11
  1170
     9
     8
     3
    47
   486
    28
    17
    65
    11
    14
    44
    37
    56
    83
     0
     0
     9
     0
     0
     0
     3
     1
     0
   964
    22
     5
    17
    42
   276
     6
     7
    11
    22
    26
   122
   141
   131
    41
     0
     8
     0
    10
     1
     0
     0
     0
     8
   853
     7
    27
    19
    31
   241
     6
     3
     8
    17
     0
    52
   104
    75
    41
     0
     3
     0
     4
     0
     0
     3
     0
     8
  1168
    48
    47
     9
    39
   499
    50
     9
    23
     7
    18
   150
    86
    59
    45
     0
     3
     1
     0
     2
     6
     0
     0
     6
   930
    25
     9
     8
   158
   276
    44
     5
    18
    59
     5
   137
    95
    64
   108
     3
    24
     7
    44
    10
    13
     9
     0
     3
   717
   419
     1
    55
    16
    20
    10
    20
   329
   440
    59
    95
    46
   125
   113
   168
     8
     9
     8
     1
     4
     4
    11
     0
   756
   573
    25
    15
    22
    37
     2
    43
   497
   183
     6
     8
    21
    79
   169
    63
     9
     2
     0
     0
     3
     0
     4
     0
  1169
   109
    45
     0
    19
   180
     3
     5
    55
    18
    14
    75
    52
    94
   267
     0
     0
     2
    10
     0
     3
     0
     0
     0
   994
     5
    61
    11
    60
   197
    20
     7
     5
    24
    48
   105
    77
    37
    63
     3
     0
     0
     0
     0
     0
     1
     0
     0
   885
    15
     0
    20
    44
   371
    60
    25
    19
   149
    57
    69
    82
   160
   209
     7
     2
     0
     1
     0
     8
     6
     8
    10
  1039
    20
    37
    87
    17
   260
    10
    90
     5
    16
    13
    87
   149
   122
    57
    51
     0
     0
     0
     6
     0
     3
     1
     0
  1173
   139
    65
    17
    47
   238
    11
     4
     8
     6
    51
   172
    85
    62
   244
    14
     5
    38
     9
     0
    10
    19
     0
     2
   544
   552
    13
    18
     7
    12
    17
    28
   296
   225
     0
    84
    24
   323
   170
   239
     8
     3
     6
     4
     4
     2
     5
     2
   508
   700
    51
    33
    48
    13
     2
     7
   178
   417
    15
   158
     0
    36
    95
    87
     0
     5
     0
     6
     2
    12
     8
     0
  1017
    12
     1
    15
    15
   606
     9
    47
    13
    19
    60
   195
   169
   102
    65
     0
     6
     0
     0
     9
     1
     1
     8
     0
   764
     4
    77
     8
    13
   258
    17
    48
    22
    17
    16
    42
   160
    48
    54
     2
    38
     0
    13
     1
     0
    10
     0
     0
   990
    63
    43
    15
    13
   186
    10
    57
     0
    10
     1
   163
    37
   279
   219
     0
    39
     0
     0
     2
     5
    11
     3
     0
   843
    28
     3
    14
    29
   463
    56
     4
   162
     6
    21
    63
    91
   151
   115
     0
     1
     0
     4
     0
     0
     0
     2
     0
   658
    20
    58
    16
    14
   232
     2
     1
     8
     8
     3
    31
   168
    98
   230
     1
    12
    27
     0
    10
     0
     0
     4
     9
   603
   727
    51
    10
     7
    14
    17
    10
   391
   259
    18
    57
    11
    89
   100
   102
     8
     3
     7
    13
     6
     8
     4
    10
   674
   632
    37
    38
    13
    56
    41
    25
   290
   328
    55
    21
    10
   188
    87
   149
    11
     0
     8
     8
     0
     1
     0
     7
  1183
   105
   146
    34
    50
   257
    12
    13
    20
    12
     7
   101
   338
    21
    75
     2
     0
    11
     0
     0
     2
     0
    11
     0
   886
    13
    10
    11
    10
   251
    17
     8
    21
     0
     7
   107
   170
   116
    65
     7
     4
     0
     0
     0
    40
     3
     0
     0
  1172
   105
    42
    23
    21
   334
     9
    11
    58
     8
     9
    90
   135
    70
    61
     1
     0
     8
     0
    15
     1
     2
     1
     0
   915
    15
    49
     3
    20
   385
    11
     6
    14
    13
    17
    31
    64
    14
    34
     0
     0
     0
     0
     0
     0
     2
     0
     0
   982
     6
     0
    44
     3
   261
     5
     4
     5
    15
     9
   241
    47
    94
    62
     0
     0
     1
     0
     5
    11
     6
    18
     7
   667
   491
    19
    15
    33
    23
    99
     1
   328
   385
    15
     6
    56
    67
    92
   138
     6
     1
    44
     5
     8
     7
     7
     0
   591
   412
   154
    11
     3
    16
     9
    11
   300
   232
     4
    23
     0
   212
   143
    86
     0
     3
     0
    54
     5
    46
     0
     9
  1193
    97
    20
    28
    13
   293
    44
    11
     4
    95
     0
    92
   308
   187
    88
    44
     0
     5
     5
     0
     0
    79
     0
     6
   862
    29
     9
   196
    22
   545
     8
    13
    15
    14
     0
   149
   186
   234
   121
     0
     0
    10
     0
     0
     0
     0
     5
     0
  1105
    56
     7
    17
    10
   183
    24
     0
    52
    86
    23
    63
   109
    73
   124
     8
    13
     1
     1
     0
     0
     0
     8
     0
   800
    66
    63
    20
    78
   321
   154
    18
     8
    10
    13
    40
    67
   104
    95
     6
    10
     2
     0
     0
     2
     6
     0
     5
  1078
    97
    86
    49
     4
   296
    17
    13
     6
     9
     8
   101
    57
    84
    84
     1
    16
     0
     0
     5
     3
     5
     6
     6
   500
   675
     5
    17
    22
     8
    22
    34
   263
   186
    44
    45
    12
    63
   101
    97
    10
     4
     9
     0
     0
     5
     7
    49
   799
   605
   151
    25
    29
    48
    35
    29
   245
   374
    14
    45
     8
   115
   118
    72
     1
     3
     0
     0
     2
     0
    46
    52
  1110
     7
    11
    27
    73
   617
    24
    25
    27
    22
    15
    92
   214
    87
   176
     3
     0
     0
     8
     0
     0
     2
     3
    14
  1195
    51
    10
    78
    53
   214
    14
    31
     2
     2
     5
    26
    85
   140
    41
     0
     0
     0
     0
     0
     0
     0
     0
     7
  1079
    12
    55
     0
    18
   345
    43
    15
    29
    10
    11
    67
    88
    68
   185
     0
     4
     0
     0
     0
     0
     0
     0
     7
  1189
    88
     9
    35
    20
   218
     6
    66
    21
    11
   137
   219
    90
    43
    46
     1
     0
     0
   140
     0
     0
     6
     0
     7
  1174
   404
     9
    54
     3
   251
    57
    23
    56
    65
     0
    32
    76
    69
    49
     0
    10
    21
     9
    12
    11
     7
     3
     0
   619
   586
     6
     0
    19
    15
    42
    37
   190
   267
    35
    13
    14
    41
    66
    92
     0
     6
     7
     0
    44
     1
     7
     0
   506
   493
   143
     1
    15
    10
     6
    10
   341
   186
    73
    18
    49
   224
    65
    75
     7
     0
     4
     7
     5
     0
     0
     0
  1041
    56
    22
    19
    22
   448
    44
    19
    10
    23
     4
    60
    51
    61
    41
     0
     8
     0
     0
    42
     0
     3
     3
     8
  1022
    17
     7
    19
    58
   431
    20
    29
    11
    12
    79
    80
   116
   100
    75
     0
     2
     0
    43
     5
     1
     0
     0
     6
  1184
   212
    25
     7
    39
   363
    18
    55
     0
    12
     9
    72
    57
   178
    37
     4
    10
     9
     0
     3
     8
     0
     0
     0
  1089
    12
     0
    15
     0
   186
    10
     6
    46
    19
     3
    40
   106
   193
    71
     0
     0
     0
     0
     0
     0
     2
     0
     5
  1191
    45
     7
    16
    12
   208
    41
     7
     3
     5
     8
    75
    56
    26
    41
     0
     8
     9
    17
     5
    10
    45
    48
     0
   640
   643
    49
    20
    17
    42
    51
    23
   188
   364
    14
    57
    51
   133
    42
   151
     7
     0
     4
    20
     2
     1
     2
    45
   838
   433
    11
     5
    36
    19
    49
    10
   261
   261
    12
    11
    49
   106
   123
   110
     1
     0
     0
     0
     2
     0
     0
     0
  1055
    13
    12
    17
    20
   331
     0
    13
    13
     9
     1
   218
   155
   199
   221
     0
     0
     2
     0
     0
     0
     1
     7
     3
  1163
    15
    26
     1
    59
   235
     9
    20
    38
     2
     8
    25
   148
    53
    86
     0
     0
     2
     0
     0
     5
     0
     0
     7
   846
    41
     7
    16
    15
   218
     0
    12
    28
     6
    29
    22
    29
    45
    27
     0
     0
     7
     0
     0
     0
     6
     0
     3
   854
    16
     1
    48
    21
   304
     0
    10
    27
    42
    20
    82
    46
   192
    89
    12
     0
     0
     0
     0
     0
     0
    12
     0
   872
    25
    15
     9
    31
   247
    13
    21
    18
    50
    15
    84
    36
   169
    49
    12
     7
     0
     8
     2
     6
     6
     6
     6
   497
   656
    19
    16
     4
    48
    19
     8
   329
   236
     6
    52
    22
    82
   130
   207
     2
    12
     7
    10
    10
     6
     9
     8
   544
   367
    42
     6
    11
    49
   100
    16
   107
   210
    11
    26
    68
   130
    86
   101
     3
     0
    44
    10
     0
     2
     0
     0
   886
     8
    11
    10
    96
   268
    14
    44
    61
    12
     8
    47
   113
    97
    82
     1
     0
     0
    10
     6
     9
     8
     0
     1
   616
    58
    14
     0
   145
   151
    15
   164
    45
    13
    94
    87
   108
    73
    82
     0
     5
     0
     9
     3
     8
     0
     6
     1
  1169
   175
    55
    15
    42
   376
    42
     4
    65
     8
     8
    69
    55
    71
    63
     0
     0
     5
     3
     4
     3
     0
     0
     0
  1016
    18
     3
    98
    51
   210
    17
    43
    11
    79
     3
    50
    96
   101
   104
    11
     0
     0
     0
     1
     3
   138
     3
     6
   593
    28
     3
    14
    14
   157
     6
     4
     7
     8
    44
    53
   137
   192
   116
     2
     7
     0
    12
     8
     0
     5
     9
    12
   737
   714
    16
     8
    12
   149
     1
    48
   323
   142
   158
    18
    14
   121
    34
   136
    14
     6
     9
     8
     5
     5
     0
     2
   530
   803
    27
     7
    13
   123
     9
     8
   621
   251
    23
    49
     9
    51
   191
   103
     1
     0
     0
     0
     0
     0
     0
     0
  1200
   189
    14
    55
    81
   342
    46
     8
     4
    17
    40
    82
   109
    47
    36
     0
     5
     5
     0
     6
     0
    41
     0
     0
  1042
     8
    34
    18
    14
   228
     5
    49
     4
    49
     7
    54
    94
    51
    79
     7
     4
    10
     0
     0
    12
     4
    85
     1
   787
    15
    23
     8
     9
   583
     6
    46
    36
     6
    15
    45
    52
    99
   136
     0
     4
     3
     2
    41
     0
     0
     6
     0
  1174
   332
    11
    63
     9
   307
     9
     8
    22
    64
    50
    51
   122
   343
   218
     2
     0
     0
     0
     0
     2
     4
     0
     0
  1173
   141
     4
    19
     5
   227
     4
     8
    41
    50
     9
    81
    42
    89
   177
     0
     4
    20
    11
     8
   139
     7
    16
     0
   556
   797
     6
     1
    67
    94
    42
    36
   205
   246
    46
     4
    45
    82
   147
   209
    10
     0
     0
     0
    10
    12
    12
     1
   771
   597
     6
     3
    19
     2
     5
    70
   303
   191
    13
    27
     5
   163
    35
   169
     0
     0
     0
    14
     5
     3
     3
     5
   610
     4
    89
    25
     6
   394
     9
     6
     0
     8
    15
   142
    69
    52
    91
     0
     0
     0
     0
     4
     1
     3
     5
     7
   897
    20
    47
     4
    11
   287
    16
     0
    56
     3
     0
   109
   109
    77
    66
     0
     1
     0
     0
    15
     0
     0
    47
     6
  1052
    44
    15
    26
    14
   259
    14
    20
    43
    12
     8
   197
    58
    39
    43
     0
     0
     6
    17
     0
     0
     0
     2
     0
  1122
    22
     5
     5
    11
   285
     3
     8
    15
    17
    14
    23
   260
   119
    37
     8
     3
     6
     0
     0
     0
     2
     0
    40
   983
    11
    26
     9
     4
   280
    20
     1
    11
    31
    30
    45
   137
   100
    92
    10
     6
    40
    22
     0
     7
    15
    13
     1
   445
   622
     7
    22
    28
     1
     0
    48
   380
   352
     4
    31
    10
    49
    73
   122
    43
     5
    48
     0
     7
    38
     0
     5
   391
   367
     8
     2
    63
    10
    11
    26
   243
   163
     9
    12
    86
    58
   132
   117
    43
     0
     6
     0
     0
     8
     0
     3
  1149
   154
    10
    25
     1
   625
     5
    20
     1
    60
     0
    61
   227
    42
   176
     0
     5
     0
    54
     0
     2
     0
     4
     0
   894
    60
    14
     1
    27
   253
     8
    22
    25
    11
     5
   183
    32
   119
    41
     0
     0
     7
     8
     0
     1
     2
     4
     4
   737
    49
     7
   231
    16
   327
    12
    22
    15
     0
    12
   226
   159
    32
   142
     0
     0
     7
     0
     4
     0
     0
     0
     0
  1106
    58
     3
     7
    15
   330
     7
    12
     0
    44
     7
   124
    87
    62
    39
    11
     0
     7
     8
     0
     0
     0
     6
     0
   865
    49
    10
     8
    22
   250
    22
     7
    14
     1
     8
    84
    93
   216
    93
     0
    42
     0
     3
    11
     8
    48
    20
     2
   788
   495
    10
    45
     4
    61
    43
    69
   370
   241
    45
     4
     2
    72
   186
   118
     0
     1
     1
     6
     8
    10
     4
     2
   729
   711
    39
    14
    69
    22
    34
    14
   378
   629
    12
    25
    12
   136
    72
    64
    14
     1
     3
     1
     3
     7
     1
     0
   714
     8
    64
    10
    17
   273
     5
     7
     6
    17
     5
    54
   138
    68
   100
     1
     1
     6
     7
     0
     0
     0
     0
    11
   943
     6
    28
    15
   183
   351
    10
     1
     6
    24
     6
    65
   135
    75
    61
     0
     7
     0
     0
     2
     0
     5
     0
     3
  1115
    62
    41
     9
    21
   310
    42
    75
    49
    86
    10
   178
   145
   126
    83
     0
     3
     5
     0
     1
     0
     1
     3
     0
   894
    35
    61
    12
    13
   128
    57
    52
     6
    21
     3
    81
   216
    53
   109
     0
     7
     7
     7
     9
     3
    15
     0
     9
   724
    17
    15
    43
    64
   201
    52
    20
    41
    52
    38
    42
    24
   118
    91
     0
     0
    43
     4
     5
    48
     0
    10
     2
   640
   476
    10
    31
    17
    42
    52
    17
   428
   232
    11
    61
     2
    66
    39
    31
     3
     5
     0
    11
     0
    11
    12
    12
   503
   467
    79
    22
    11
    16
     8
    22
   217
   477
     4
    22
     6
   122
   211
    97
     0
     0
     0
     0
     3
     6
     0
     0
  1184
     8
    48
     0
     8
   192
    31
    11
    23
    46
     8
   130
    66
    81
    35
     0
     6
     0
    15
     0
     0
    12
     8
    11
   772
    24
     8
     4
    20
   139
    15
    40
     7
     3
    18
   132
    37
    88
    34
     0
     2
     0
     0
     0
     1
     0
     0
     0
   886
    48
    22
    16
    12
   256
     8
     0
    16
     0
    17
    50
    85
    60
    14
     0
    12
    41
    10
     0
    43
     1
     6
     0
   825
    50
    35
   100
    11
   401
     6
     5
    42
    44
     8
    41
   125
   277
    86
     0
     5
     0
     0
     7
     0
     0
     3
     0
  1014
     0
    47
    22
     0
   362
    13
     6
    19
     7
    29
    35
    58
    69
   134
     0
     0
     0
     1
    11
     2
     4
     7
    16
   865
   510
    69
    12
    11
    45
    12
    21
   247
   412
     7
   142
    80
    36
    89
   103
     9
    52
     7
    10
    17
    13
     2
    13
   501
   391
    12
    60
    11
    49
     3
    34
   226
   322
    13
    28
    26
    49
   208
   135
     8
     0
     0
     0
     0
     8
     0
     0
  1114
    23
     6
    14
    30
   294
     5
    52
    17
    21
    18
   108
    59
   167
    76
     3
     0
     3
     0
     0
     5
     0
     0
    42
   957
    12
    16
    10
    49
   220
    43
    15
    46
    22
    41
    97
    42
    96
    70
     4
     0
     0
     3
     2
     0
     0
     7
     0
  1164
    14
    10
    46
     1
   255
     7
    21
    11
     5
     6
   106
   267
    57
    49
     3
     0
     0
     0
     0
     8
     0
     0
     0
   936
    12
    11
    21
     4
   202
    14
    20
    10
    19
    18
    41
    37
   226
    90
     0
     7
     0
    39
     4
     0
     0
     0
     0
   654
     7
   159
    43
     7
   165
    12
     0
     6
    22
     9
    54
    52
    57
   168
     0
     2
    46
    14
    17
     0
     9
     1
     0
   379
   537
     2
    56
    58
    15
    15
     6
   218
   260
     0
    20
    80
    52
   103
    50
     7
     7
     0
     1
     8
     1
     5
    43
   508
   662
     7
    31
    10
    49
     0
     6
   286
   482
    17
    15
    53
    83
    41
   127
     0
     0
     3
     0
     1
     0
     5
     0
   787
    13
    10
     3
    11
   211
    67
    16
     0
     5
    55
    75
   248
    77
    19
     0
     0
     0
     1
     0
     3
     0
     0
     9
   660
    13
    43
    11
    15
   235
    63
    10
     0
    53
    19
    68
   140
    43
    95
     0
     5
     4
     0
     0
     4
     1
     0
    12
   924
    50
     7
    15
    97
   229
    17
     8
     1
    30
    18
    46
    35
    81
   110
     9
    42
     0
     7
     0
     0
     0
     3
     0
   823
    49
    54
    59
    17
   189
     6
     8
    44
   100
    12
   218
    36
   190
   161
     0
    20
     0
     2
     1
     0
     5
    42
     4
   984
    16
    28
     1
     8
   328
    56
    17
     4
     6
    17
    51
    32
    41
    98
    41
     0
     0
    44
     0
    14
     0
     2
     4
   520
   390
    49
     0
     8
    56
    22
    12
   213
   451
    11
    11
     8
   138
    64
    46
     0
     0
     7
    13
    42
     0
     0
     8
   578
   312
    21
   102
    11
     0
     5
    21
   224
   152
    16
     6
     8
   103
   117
   146
     1
    12
     0
     5
     0
     0
     0
     0
   943
    11
     4
     5
     7
   432
     3
    47
     7
     8
     4
    84
    88
    22
    63
     0
     4
     0
     3
     0
     0
     6
     0
   154
   972
    26
     8
    46
    20
   299
    38
     3
   141
     6
     4
    29
   105
    87
    26
     0
     7
     0
     0
     1
     0
     0
     0
     0
   878
    16
     4
     7
    65
   249
     4
    13
    12
    55
     5
   129
    84
    67
    27
     1
     4
     0
     6
     4
     7
     3
     0
     0
   885
    12
     6
    23
    57
   174
    19
     0
    21
    18
    20
    65
   124
    42
    54
     3
     0
     2
    10
    12
     0
     0
     0
     0
   696
     8
    13
     5
    20
   266
    10
    11
    49
    13
    22
    23
   142
    28
    68
     6
     5
     2
     6
     1
     5
     0
    12
     4
   395
   417
     9
     3
     7
     6
    21
    25
   146
   361
    14
    15
    45
    29
    89
   101
     6
     0
     0
    15
    45
    13
     1
     7
   432
   524
    19
    20
     9
     0
    11
    23
   209
   279
    86
    20
     9
   161
    96
   126
     0
     4
     0
    38
     6
     8
     0
     3
   979
    13
    12
    10
     8
   239
    53
     2
    48
     3
    14
   218
    13
   101
   102
     4
     3
     0
     0
    14
     0
     0
     0
     0
   891
    18
     3
    11
    19
   305
     0
     3
    15
    59
    55
    60
   118
    99
    41
     3
     0
     0
    11
     2
     0
     7
    38
     6
  1121
     5
    28
     5
     0
   197
    42
    14
     7
    17
     7
   175
    87
   112
   224
     0
     2
     0
     0
     0
     5
     0
     0
     0
   993
    24
    13
    15
    53
   339
    17
    15
     1
     8
    49
    41
   176
    80
    54
     0
     9
     2
     0
     0
     0
     0
     5
     0
  1024
    17
    56
   188
    10
   172
     4
     8
    23
     5
    20
    39
    72
    60
    58
     0
     1
    10
     6
    14
    42
     3
     0
     1
   406
   424
     6
    61
     8
    19
    14
     6
   264
   318
    18
    25
     3
   163
   218
    45
     9
     7
     0
     0
     6
     5
     5
    14
   378
   409
     9
    15
    16
    31
    14
     8
   104
   521
    60
    60
    25
   138
   208
    73
     0
     8
     3
     5
     0
     0
     0
     2
   782
    48
     6
    28
    15
   251
     8
    64
    62
     9
     0
    85
   124
    28
   118
     1
     0
     0
     6
     9
     0
     0
     0
    42
   699
     9
     1
    20
    11
   476
    20
     0
    15
    17
   148
    35
    60
   203
   229
    40
     0
     0
     0
     0
     1
     0
     5
     8
  1037
    22
     8
    16
     4
   363
     5
    10
    11
    50
     9
    95
    99
    97
    87
     0
    43
     0
    43
     0
     2
     0
     0
     0
   719
     2
    56
    11
    14
   208
    12
    44
    11
    14
    19
   109
    48
   162
    78
     0
     5
    40
    11
     4
     5
     0
     0
     0
  1000
    12
    11
     9
    24
   229
     7
    11
     1
     7
     8
    42
   109
   124
    37
     3
    51
    53
     3
     0
    41
    44
    12
     1
   350
   476
    31
    33
    22
   152
     1
    11
    81
   342
    20
    12
    51
    59
    49
   201
    44
     0
    25
   144
     0
     0
     5
    39
   533
   411
    13
    21
    65
    53
    22
    10
   220
   290
     1
    16
     0
    46
   191
   124
     2
     0
     7
     0
     0
     0
     0
     0
   875
    38
    18
     9
    44
   368
    10
     9
    15
     5
     8
   125
    86
    48
    40
     6
     3
     0
     2
     8
     0
    39
     0
     6
   956
   151
    11
    58
    14
   200
     6
    17
     0
    39
     4
    83
   111
    61
    70
     6
     0
     7
     3
     0
     0
    43
     0
     5
   836
     8
    57
    20
    43
   167
     9
     3
    84
     6
    14
   338
    77
    90
    81
     0
     8
     0
     0
     0
     1
     0
     0
     4
   898
     0
    45
     7
    20
   348
    19
    57
     6
     8
    64
    41
    40
    33
    47
     0
     0
     0
     0
     0
     6
    38
     9
     0
   866
    18
    23
    49
     6
   390
    10
     2
    14
     1
    17
    85
    82
    55
    10
     0
     1
     1
     9
     4
     0
     0
     9
     9
   663
   436
    18
    91
     5
   102
    14
    90
   125
   411
     6
     0
    22
    46
    55
    50
     0
    13
     7
     9
     1
     0
     2
     4
   398
   456
    18
    96
   144
     6
     8
    48
   213
   227
     1
    30
     0
   115
   137
   227
     6
     0
     0
     0
     0
     0
     1
     0
   807
    17
    11
    89
     3
   193
    15
     0
    83
    41
     7
    37
    80
    38
    36
     7
     0
     0
     0
     0
     0
     2
     0
     0
   796
    16
     9
    15
     9
   404
     4
    42
    50
    18
    51
    81
   232
    52
    77
     7
     9
     2
     0
     0
     0
     0
     0
     0
   795
    76
    11
     0
     1
   204
     0
    53
    12
    63
    20
   156
    84
    91
    27
     0
     8
     5
     0
     3
    49
     0
     0
     0
   541
     8
    19
    13
    16
   287
    11
     5
    66
     3
    12
   138
    35
    89
    72
    49
     0
     0
     0
     0
     7
     7
     0
     7
   920
     3
    19
    18
    15
   190
     2
     9
     0
    14
     6
    50
    87
    50
    86
     9
    82
     0
     6
     8
     0
     0
     1
    16
   319
   324
     0
     0
     7
    62
    12
    13
   281
   211
     3
    41
    16
   125
   133
   188
     4
    15
    10
     4
     7
    52
    10
     0
   360
   463
    47
     2
    92
     2
    10
     2
   370
   415
    14
    40
    14
    71
    43
    95
     4
     9
     3
     0
    12
     0
     0
     1
   647
    17
     9
    88
     4
   208
     4
     0
    19
     0
     6
   216
   247
    76
    37
     8
     0
    13
     0
     0
     0
     0
     0
     7
   810
    18
     7
     4
    20
   228
    97
     4
     0
     1
     5
   129
   207
    45
   183
     0
     3
     6
     7
     0
     3
     0
    39
     0
   887
    46
    19
     5
    51
   236
     2
     5
     8
    10
    50
   113
    51
    53
    85
     0
     0
     0
     0
     0
     0
     0
     0
     1
   768
   104
    59
    50
     0
   316
     2
     0
     6
    50
    26
    66
   238
   106
    45
     0
     0
     0
     8
     0
     0
     0
     0
     0
   698
    14
    22
    15
    11
   170
    11
    52
    52
    11
    41
    43
   123
    94
    32
     4
    15
     9
     0
    10
    47
    11
    14
     2
   342
   500
     3
     3
     1
     6
     0
     7
   212
   307
    49
    12
    14
    82
   114
    31
   186
    10
     0
    12
     0
     1
     0
     7
   506
   376
    14
     5
    46
    16
    14
     8
   146
   165
    11
     0
     0
    39
   109
    48
     0
     0
     2
     0
     0
     0
     5
     8
   699
     4
    12
    28
    15
   303
     8
    61
     0
     7
    61
    83
    65
    37
    48
     0
     0
     0
     0
     7
     7
     5
     4
    11
   985
    10
   143
     8
     9
   264
     7
    20
    12
    50
     1
    14
    65
    81
    42
     0
     2
     0
     0
     0
     4
     2
     0
     0
   713
    62
    14
   155
    94
   633
    21
    20
     7
    17
     1
    83
   129
   192
    85
     0
     6
     1
     2
     0
     1
     0
     2
     0
   725
    17
    13
    78
    54
   446
    34
     9
    16
     7
    13
    80
   167
    29
    87
     7
     3
     0
     1
     1
     5
     8
     1
     0
  1053
    28
    15
    10
     0
   334
    53
    15
     1
     2
    12
    45
    52
    60
    59
    46
     9
     2
     8
     1
     4
     3
     0
    40
   388
   540
    51
    16
    13
    54
    17
     3
   400
   295
    54
    18
    25
   119
    88
    59
    18
     0
     7
    53
     0
     0
     5
     0
   303
   409
    24
    10
    23
     2
     0
    55
   390
   309
     5
     7
     8
    51
   202
    66
     4
     0
     0
     0
     4
     0
     0
     0
   646
    46
   144
     8
     5
   284
    25
     0
     3
    29
     8
    61
   114
    91
    52
     0
     5
     0
     0
     0
    40
     0
    13
     0
   730
    47
    45
    15
    78
   342
    14
    14
    17
    16
     2
   139
    90
    47
   124
     0
     0
     3
     0
    10
     0
     3
     0
     0
   890
     7
    24
     4
    18
   231
    10
    14
     0
    19
     2
    79
    53
   129
    59
     0
     0
     0
     0
     7
     0
     0
     0
     0
   955
    14
     5
    41
    15
   449
     7
    10
    10
     6
    87
   100
    87
    47
   171
     0
     0
     5
     1
     0
    43
     3
    10
     5
   880
    14
    18
     8
    14
   181
    15
     0
     0
    46
     0
    73
    79
   125
    69
     0
    45
     0
     8
     7
     7
    42
    51
     1
   646
   509
     1
    71
    51
    11
     4
     9
   265
   226
    53
     8
     0
    91
    95
    80
     1
    13
     1
     0
     2
    10
     0
     0
   729
   707
     0
     7
    51
     0
    21
   100
   343
   269
    48
    43
    44
   264
    79
    82
     0
     0
     0
     0
     0
    44
     0
     0
   698
    16
    13
     4
    43
   380
     9
    15
     0
     9
    48
    25
    91
    42
    18
     0
     2
     3
    36
     0
    42
     9
     0
     8
   992
     4
     1
     7
     9
   177
     9
     7
     3
     5
    63
   104
    87
   155
   151
     0
     1
     8
     0
    41
     0
     6
     0
     2
   924
     2
    10
    50
    11
   270
     3
     2
    41
    47
    10
    66
   104
    32
    77
    50
     9
     0
     0
     5
     9
     2
     0
     0
  1016
     7
    18
    11
     9
   243
    20
    15
    12
    32
    14
    65
   101
    69
   214
    13
     9
     0
    42
     3
     5
     0
     0
     0
  1069
    52
    37
     2
     0
   250
    10
    50
     8
     8
    45
    14
   358
   113
    29
    49
     0
     0
    51
    40
    15
     2
     5
     1
   349
   643
    59
     8
    23
    10
    16
    24
   297
   182
    57
    64
    51
    24
    54
   261
     0
     1
    14
     3
     2
     8
     2
     0
   643
   424
    55
    33
     9
     7
    19
     4
   266
   270
    23
    14
    46
   148
   195
    37
     0
     0
    13
     1
    10
     0
     4
     0
   939
   157
   192
    10
    23
   274
    32
     5
     4
    14
    48
    44
    81
    95
    34
     0
    14
     0
     0
     0
     0
     0
     5
     0
  1196
    79
    56
    51
    10
   346
     4
    55
     0
    18
     9
    92
   174
   128
    70
     3
     0
     0
     0
     0
     0
     0
     0
     3
  1091
     2
    18
    21
    47
   298
     8
     8
    14
     0
    12
   108
   136
   117
   199
     0
     0
     8
     0
     0
     0
     7
     0
     1
   947
    15
    14
     2
    49
   213
    18
     1
    43
    55
    12
    86
    73
   190
   261
     4
     0
     0
     0
     0
    10
     0
     6
     1
   871
     1
     6
    53
     4
   262
     6
     4
    21
     9
    16
    30
    37
    46
    82
    12
     5
     5
    17
    10
     6
     3
     3
    20
   419
   484
    55
     7
    15
    24
   265
     9
   181
   142
   174
    16
    15
    74
   145
    67
     1
     7
     6
    18
     9
    10
     0
     0
   463
  1054
    17
    15
    45
    23
    53
    16
   239
   202
    13
    19
    83
    34
    58
    88
     0
     0
     4
     4
     0
     2
     0
     2
   572
     3
    56
    47
    13
   238
     0
    12
    19
     5
    57
    54
    73
   216
    51
     4
     0
     2
     3
     0
     6
     3
     0
     7
   956
    14
    44
     8
    13
   126
     0
    36
     2
    42
    22
    37
    79
    51
   125
     0
     8
     8
     3
     5
     2
     0
     0
     1
   791
     4
     1
    55
     2
   290
    18
   150
    12
     3
     5
   122
   123
    69
    45
     0
     0
     0
     0
     0
     1
     0
     0
     0
   845
    24
     4
    24
     3
   212
     8
     2
    13
     4
     7
   161
    72
    46
    32
     0
     0
     9
     0
     0
     8
     5
     0
     0
   653
     4
    14
    10
    30
   285
     0
     5
    48
    16
    12
   203
    61
    47
    68
     0
     0
     0
     3
     3
     0
    10
     1
     1
   320
   613
     8
     5
    29
    10
    10
    54
   248
   236
    12
    11
    12
    39
    61
    42
     0
     0
    47
     0
    41
     9
    49
     9
   333
   532
     3
     6
    13
    36
    43
     7
   330
   298
     7
    50
    12
   140
   103
   121
     0
     0
    41
     0
     0
     0
    10
     5
   796
     6
    12
     7
    10
   469
    49
     9
     5
     0
    10
    69
    92
   127
    43
     2
     0
     0
     0
     0
     0
     0
     7
     6
   796
    84
     9
    31
    82
   594
     0
     8
    68
     2
    12
    79
    50
    37
   107
     2
     0
     0
     0
     0
     1
     0
     0
    39
   977
     3
     0
     8
    53
   370
    12
    68
     7
     2
     0
    32
   119
   219
    34
     0
     3
     0
     0
     7
     2
     0
     0
     1
   800
    26
     0
     9
    14
   368
    12
   148
     7
     3
     8
    32
   108
    93
    94
     0
     0
     0
     0
     0
     8
     0
     0
     4
   907
    22
    57
    22
    10
   183
     1
    23
    43
    14
     8
    78
    49
    81
    55
     0
     0
     1
     8
     0
    12
     6
     8
     8
   652
   444
    10
    16
     5
    26
    14
    41
   276
   201
     5
    12
    46
   123
   110
    82
     2
     4
   146
     0
    45
    13
     1
    13
   592
   446
     9
    14
    44
    10
     8
    15
   414
   235
    16
     7
    27
    92
   153
   151
     0
     0
     6
     0
     0
     4
     0
     6
   969
    26
     0
     0
    23
   183
     8
    31
    12
    42
     0
   173
   129
   124
    38
     0
     0
     9
     0
     0
     0
     0
     0
     6
  1158
    17
     7
    10
    53
   260
    22
     4
     2
     5
     0
    90
    48
   127
   127
     0
     0
     0
     0
     0
     0
     0
     0
     0
   719
     3
   149
    12
    13
   374
    15
     4
     0
     2
    55
    78
    26
    76
    38
     2
     0
    49
     6
     0
     5
     0
     6
     0
  1152
     0
    12
    11
    54
   208
    10
     3
    11
    49
     1
    70
    38
   173
    70
     0
     0
    14
     0
     0
     0
     0
     0
    39
   834
    10
    19
    96
    46
   328
     4
    11
     8
    16
     7
   147
    98
   110
    93
     0
     6
    76
     7
     0
     6
     2
     0
    38
   370
   418
    13
    12
     2
    43
    12
    28
   294
   191
     3
    46
    92
    44
   105
    57
    14
     4
     8
   146
     4
     0
     3
   139
   455
   533
     1
    21
    49
    58
    88
     9
   231
   362
    19
     9
    84
   101
    79
    29
     0
     0
     0
     0
     6
     0
    14
     0
   725
     0
    15
    86
     9
   194
    28
    11
    13
    47
     2
    53
    45
    86
    82
     0
     5
     0
     8
     0
     2
     0
     8
     1
   959
    14
    57
     2
    15
   183
     5
    16
     5
    10
    48
    46
   131
    54
    47
     4
     0
     0
     0
     0
     0
     6
     0
     0
   681
     3
   157
     4
    13
   384
    13
    56
     7
    15
     6
    87
    33
    83
    63
    16
     0
     0
     0
     1
     0
     0
     0
     0
  1178
   162
    12
     8
     8
   211
    41
     4
    45
    46
     6
   297
    70
   178
    68
     0
     0
     0
     0
     0
    39
     6
     4
     1
   742
     5
     6
    54
   149
   146
     4
    12
     3
     7
     2
    81
   154
    70
    74
     0
     6
     1
     0
     5
     0
     1
    10
     0
   418
   355
     9
    32
     8
    63
    46
     9
   250
   393
     0
     9
    51
   111
   101
   215
    17
    17
     7
     7
     5
     6
     9
     3
   822
   542
    10
    59
    94
     7
    12
     6
   175
   177
    13
    19
     7
    85
    53
   173
     0
     0
     0
     0
     4
     0
     2
     9
   902
    24
    12
    50
    59
   246
    22
    21
    23
     8
    42
    41
   152
    41
   112
     0
     0
     0
     0
     6
     0
     0
     0
     3
   875
    12
    14
    14
    18
   293
     0
    12
     5
    20
     4
    94
    45
    97
   146
     0
     0
     0
     0
     1
     0
     0
     0
     4
   929
    17
    16
    58
    26
   257
     0
     7
    19
    16
    60
   149
    42
   176
   116
     0
     0
     0
     0
     3
     0
     0
     0
     0
   991
    12
    14
     7
    44
   197
    14
    14
    13
    55
    19
    89
    86
    34
    97
     0
     4
     0
    42
     4
     5
     0
     0
     0
   726
     7
     0
    49
     2
   271
     2
     0
     7
     0
    49
    28
    66
    64
    60
     0
     0
     3
     2
     5
     5
     6
     3
     0
   363
   469
     8
    16
    10
    10
    11
    13
   254
   321
    13
    22
   102
   102
   118
    48
     7
     3
    44
    53
     0
    52
    16
     0
   533
   575
    97
     8
    13
    58
    16
    47
   191
   222
     6
     0
    48
    44
    77
    43
     0
     6
     4
     0
     0
     6
     0
    41
   655
    19
    11
    11
    97
   259
     5
    39
     9
    59
    17
    93
    39
    54
   157
     1
    40
     0
     0
     2
     0
     0
     7
     0
  1189
    60
    32
     0
    25
   270
     5
     7
     2
    64
     2
   124
    83
   144
    69
     0
     8
    15
    36
     0
     0
    14
     8
     9
   780
    44
     8
    20
     8
   191
    20
     7
     0
    15
    44
    71
    78
    81
   114
     0
     0
     5
     0
     1
     0
    39
    52
     0
   875
    24
    67
     4
    53
   205
    12
    24
    10
    26
     8
    50
   215
   131
    93
     1
     4
     1
     0
     6
     6
     1
     0
     6
   850
    43
    52
    10
    13
   301
    11
    11
     0
     2
    20
    38
    17
    90
    86
     2
     4
     0
    51
     0
     5
     9
     7
    17
   472
   492
    38
    24
    29
     0
    13
   103
   242
   276
     3
     7
     9
    43
    92
    95
     0
    13
    19
     0
     2
     5
     6
     4
   633
   442
    57
    13
    26
     7
    12
    10
   151
   237
     8
     9
    63
    70
    46
   100
     0
     5
     0
     8
     0
     1
     9
     0
   804
     8
    60
     3
    20
   220
    58
    19
     8
     1
    13
    73
   148
   111
    98
     6
     0
     0
     3
     3
     0
     3
     0
     0
   978
    45
     7
    14
    20
   300
    62
     2
    10
    20
     8
    51
    63
    94
    53
     0
     3
     0
     0
     0
     0
     1
     8
     3
  1042
    14
    18
    23
    19
   161
    21
     4
   193
     4
     8
    32
   255
   181
    64
     0
     0
     6
     8
     0
     0
     0
     3
     0
   821
    21
    21
    53
    32
   317
     5
    13
    54
     2
    54
    64
    91
    70
    73
     0
     0
    10
     0
     0
    41
     0
     0
     8
   774
    51
    10
     8
     6
   241
    67
    11
    10
     7
     3
    80
    55
   109
    97
     2
     9
     9
    11
    47
     9
    10
     1
     7
   389
   268
    21
    36
     4
   149
     9
     6
   419
   153
    14
    32
     7
    26
    67
    96
     0
     6
     0
     9
    43
     0
     1
     0
   926
   369
    16
     6
    58
    29
    20
    59
   189
   134
     0
     2
    50
   224
    78
    97
     0
     2
     0
     0
     6
     5
     3
     1
   755
    10
    58
    27
    10
   186
     2
    48
    23
    42
    21
    69
    34
    99
   111
    41
     0
     0
     3
     1
     0
     2
     0
     6
   603
    48
    10
    59
     0
    97
    20
   158
     8
    50
     5
   111
   227
   136
    90
     5
     0
     0
     8
     0
     0
     0
     2
    11
  1057
    18
    24
     5
     7
   303
    22
    15
    26
     4
    13
    36
    83
   109
    58
     9
     0
     0
    45
     6
     3
     9
     0
     7
   997
    23
     9
    13
     4
   370
    62
    60
    58
     3
    42
    76
   111
   278
    70
     2
     0
     0
     0
     8
     0
     0
     0
    40
   712
    10
    10
    46
     1
   315
    10
   156
     1
     8
    54
    54
    54
    81
    78
     7
     0
     3
     0
     3
     3
     3
    50
    16
   377
   611
    14
    11
    10
    32
     6
     9
   265
   378
    10
    15
    12
   243
    40
   130
    10
     2
    55
    55
     4
    54
     5
     7
   416
   442
    15
     6
    17
    61
     9
    17
   229
   369
    29
     2
     9
   119
    88
   187
     0
     0
     0
     0
     0
     0
     0
     0
   538
    68
    56
    86
    25
   321
     4
    10
    17
     8
    21
    73
    49
    46
   113
     7
     0
     8
     0
     0
    16
     0
     6
     0
   726
    59
    16
     2
     4
   337
     3
     3
     5
    12
    27
    64
   124
   200
   102
     0
     0
     3
     0
     6
     0
     7
     8
     0
  1007
     5
    16
    13
    56
   315
    12
    21
    25
    10
   109
   161
   129
    66
    27
     0
     0
     0
     0
     5
     0
     1
     1
     0
   747
     2
    18
     2
    32
   272
    29
     4
    12
     6
     1
    55
    42
    62
    92
   139
     1
     5
     3
     1
     0
     0
     0
     3
  1146
     6
    13
    14
     1
   312
    60
     9
     4
     4
     7
    84
    42
   185
    35
     0
     7
     9
     4
     3
    49
     9
     1
    16
   546
   475
    34
     8
    54
    27
    10
     7
   272
   230
     0
    10
    66
    72
   121
   194
     2
     2
     5
    45
    15
     0
     0
   155
   411
   400
    33
     9
    39
    55
    55
    11
   267
   107
     1
    13
     8
   132
   121
    29
     0
     0
     2
     0
     0
     0
     0
     2
  1164
   165
     6
     7
    16
   204
    15
    52
     6
    84
    22
    79
   117
    65
   145
     0
     4
     0
     6
     8
     2
     0
     5
    16
   656
    78
    36
    16
     5
   192
     6
     6
    18
     9
     7
    65
    53
   101
    71
     4
     3
     0
     0
     0
     0
     0
     4
     0
   892
     9
    11
    46
    12
   345
    18
    16
    20
     9
     7
    55
   136
    69
    62
    10
     0
     0
     2
     0
     0
     0
     0
     5
   597
    25
    13
    14
    11
   282
    17
    19
     6
     9
    18
    27
   114
    62
   155
     0
     0
     0
     0
     0
     0
     6
     0
     3
   947
     0
     6
    67
    12
   402
    20
    36
    44
     6
    10
   118
    50
   183
    48
     0
     9
     3
     0
     0
     0
     0
     0
     0
   745
   724
    64
    27
   101
    12
    13
    14
   276
   482
    15
   157
     1
   141
   229
   121
    20
     2
     2
    10
     7
     5
     0
     0
   505
   359
    18
    52
     9
    12
     6
     6
   288
   160
    11
    45
    12
   164
    23
    83
     0
     0
     0
     0
     0
     0
     0
     0
   844
    53
    51
     9
    51
   337
    40
    15
     1
     7
    14
    87
    99
    78
    22
     0
     0
     0
     0
     0
     1
     0
     1
     9
   652
    54
    15
     9
    22
   334
    62
    19
    49
     0
     8
    23
    94
    86
    78
     0
    41
     0
     0
     0
     0
     2
     0
     0
  1177
   166
    19
     9
    16
   378
    11
    97
     9
    16
    12
    28
    81
   116
    40
     0
     7
     0
     0
     0
     0
     0
     0
     0
   736
    13
    62
    59
     2
   209
    47
    13
    13
     7
    53
   138
    95
    48
    43
     0
     7
     0
     0
     3
     4
     0
     8
     0
   850
     5
     7
     7
    47
   404
     7
     6
     5
     7
     7
    46
    41
   130
    63
     2
     0
     7
     0
     5
     9
     0
     0
     0
   512
   547
    30
     4
    54
     9
    63
    33
   159
   305
    28
    47
     7
    59
   165
    92
     4
     0
    14
     8
    41
     3
     8
     8
   580
   576
     6
    51
     9
    13
    27
    18
   228
   277
    18
    40
    43
   108
    75
   100
     6
    39
     0
     0
     0
     0
     0
     0
  1121
     5
    20
     7
    17
   175
     9
    19
     8
     7
    18
    80
    53
    24
    80
     4
     0
     0
     0
     7
    40
     0
     0
     4
  1167
   168
    30
     2
     4
   378
    44
     5
    14
    41
    18
   120
    45
   106
    37
     0
     4
     0
     6
     2
     0
     9
     0
    14
   713
    20
    19
    17
    52
   229
     5
    13
     7
    19
    17
    86
    55
    86
    50
     0
     0
     0
    78
     7
     0
    14
     7
     9
   600
    64
     1
    22
     5
   281
     8
    15
     3
    12
    18
    27
    95
    43
    34
     0
     0
     0
     0
     1
     0
     2
     2
     0
   739
   195
     7
    22
     4
   509
    10
     7
    80
    48
    17
    97
   136
   100
    63
    10
    49
     3
     5
     5
     1
     0
     7
    27
   506
   632
     9
    54
    45
    13
     5
    15
   223
   218
    12
     8
     0
   157
    47
    96
     1
     0
     1
   104
     0
     0
    13
     0
   342
   660
    46
    51
    59
    12
    10
    17
   375
   431
    93
    23
    64
   106
   152
    68
    10
    13
     7
     0
     0
     0
     0
     0
  1179
   141
     9
    15
     0
   357
    19
     1
    15
    15
     0
   182
   105
   118
   161
     3
    11
     0
     0
     7
     1
     0
     0
     0
  1195
    57
    11
    44
    14
   408
    20
     5
    14
    40
    12
   108
    96
    51
    41
     0
     0
     0
     0
     0
     0
     0
    10
    28
   899
    43
     0
     2
    10
   164
    25
     6
    14
    69
     8
    61
    46
    29
    77
     0
     0
     0
     2
     0
     0
     0
     6
     5
   788
     6
    51
    21
     9
   266
     4
    11
     7
    42
    12
    76
    50
    55
    80
     0
    43
     6
     0
     8
     0
     5
     2
     0
  1015
     2
     9
    11
     6
   558
     8
    14
    15
    18
     5
   197
   185
    27
   141
     0
     8
    14
     6
    11
     0
     0
     0
     0
   552
   433
    29
    10
    16
     3
     5
    41
   200
   390
    12
    11
    44
   326
   125
    95
    12
     7
     5
     5
     8
     0
     4
     0
   422
   508
    50
    51
     4
     8
    68
     4
   194
   197
    16
    16
    13
    56
   140
    58
     0
     1
     0
     1
     0
     0
     9
     0
  1083
    19
    10
    13
    27
   474
    15
    13
    11
     5
    33
    48
    32
    69
   142
   139
     1
     0
     0
     3
     0
     0
     0
     0
   772
    61
     6
     4
    12
   294
    44
    12
     9
    50
   186
    32
    75
    46
    69
    19
     6
     3
     4
     3
     1
     0
     0
     0
   784
     6
    49
    27
     5
   140
    54
    22
     8
    86
     8
    97
    71
    53
   110
     0
     0
     0
     0
     2
     0
     0
     4
     0
  1169
   487
    45
    22
     6
   193
    11
     7
     0
    16
     5
    22
    55
   127
    34
     0
    12
     0
     0
     0
     8
     0
     0
     0
   904
     3
    11
    14
    39
   200
    44
     6
    14
     6
     4
    52
    72
   102
    60
     0
     2
     2
     0
     0
    39
     8
     5
    18
   679
   501
    32
    17
    35
    16
    37
    16
   210
   228
    10
    22
    58
   263
   181
    75
     0
     7
    42
     0
     7
     0
     0
    11
   432
   538
     3
    52
    18
    11
     2
    11
   270
   536
    51
    17
    58
   103
    79
   108
     0
     4
     1
     2
     0
     0
     5
     8
   885
    47
    16
     4
    16
   489
    91
     6
    16
     9
     3
   215
   152
    59
   111
     4
     5
     0
     0
    42
     0
     0
     0
     0
   748
    11
     1
    17
    24
   339
    47
    11
    53
    19
    17
    65
    21
    88
    86
     0
     0
     0
     0
     0
     0
     0
     0
     0
   896
    19
     7
     0
     4
   205
     5
    62
     0
    14
    31
   132
   122
    83
    41
     0
     0
     8
     6
     0
     0
     1
     0
     7
   800
     3
     0
     6
    59
   200
     8
    62
    17
    25
    43
   130
   143
   123
   174
     0
     0
    25
     0
     0
    16
     0
     0
     0
  1181
   166
    46
    18
    19
   302
     8
     4
    12
     3
    25
    76
    53
    42
    28
     5
     1
    17
    15
     6
    13
    13
    29
     1
   537
   650
    18
    12
    33
    21
    15
    45
   234
   173
     3
    15
   108
    99
   142
   129
     2
     3
    56
    10
     1
     3
     2
    10
   465
   775
     8
     6
    48
    13
    16
    84
   256
   370
    24
    48
    32
    93
   219
   157
     0
     0
     0
     0
     5
     8
     9
     0
  1174
   198
     6
    10
   155
   280
    19
    16
    46
     9
    20
   146
    48
   121
   130
     2
     2
     6
     0
     0
     1
     5
     0
     0
   810
    54
    19
     7
     5
   277
    73
    11
     4
     1
     8
    88
   123
    52
    52
     0
     0
     0
     4
     4
   138
     2
     0
     4
   899
    18
     5
    15
    27
   354
    22
     7
    18
    43
    11
    69
    92
    60
   100
     0
     1
     0
     2
     0
     0
    40
     4
     0
   844
     7
    14
   141
    51
   455
    13
    27
    46
    13
    11
    70
    79
   150
    39
     1
     6
     9
     0
     0
    10
     0
     2
     0
  1073
     7
    13
    17
    17
   344
     5
    20
     9
    57
     0
   107
    73
   185
   154
     3
     6
     9
     7
     4
    13
    15
     0
     8
   398
   372
    11
    22
     8
     1
     9
     5
   324
   156
    56
    29
    25
   168
    67
   152
     8
   145
     0
     6
     0
     2
     6
     0
   576
   926
    60
    28
    35
    14
    20
     2
   410
   267
    58
    29
    39
   294
    97
    80
     0
     6
     0
     0
     0
     2
     0
     0
  1194
   171
    66
    19
    51
   153
    22
    61
    88
    15
    10
   148
   101
    41
    36
     0
    10
     0
     0
     6
     0
     0
     0
     0
   894
     9
    38
    49
    12
   340
     8
   135
    56
    10
    20
    98
   107
    75
    45
     0
     0
     6
     0
     4
     4
     0
     3
    11
  1167
    58
     0
    41
    11
   372
    16
    18
     3
    45
    16
   146
   134
   137
    65
     0
    12
     3
     0
    11
    40
     1
     7
    14
   888
     8
     7
    50
     2
   291
    29
     7
    59
    47
    20
   126
   100
    10
    42
     6
     3
     4
     0
    38
     0
     3
     4
     0
   987
   289
   104
    47
    57
   358
     2
    33
    20
    11
    59
   198
    72
    95
    47
     0
     4
    12
     3
     9
     0
     7
    41
     2
   543
   498
    52
     8
    35
    10
    17
    49
   324
   296
    35
    18
     0
    92
    47
    49
     0
     5
     8
     3
     8
     1
     9
     8
   609
   253
     0
    22
    56
    25
    62
    12
   349
   285
    14
    14
    58
    69
   138
    53
     0
     1
     0
     0
     2
     0
     0
     0
  1112
    47
     2
     8
     9
   141
    20
     9
     6
    55
    17
    98
   173
    90
    59
    11
     0
     5
     0
     0
     2
    12
     6
    42
  1087
    18
     2
    76
     9
   263
    53
    10
     8
    13
    42
   127
    87
   100
    57
     3
     0
     0
     0
     0
     6
    41
     7
     8
  1181
    89
    77
   157
     8
   199
    19
    11
    29
     8
   154
   115
    61
    85
    76
     7
     6
     7
     4
     2
     5
     0
     0
     3
   925
    13
    33
    22
    17
   260
    10
     1
     6
    14
    18
    96
   121
   134
   167
     0
     5
     0
     0
     2
     0
     0
     1
     0
   998
    12
    45
     0
    42
   367
    52
    16
    10
    12
    21
   143
   100
   188
    90
     0
     8
     7
     8
     0
     8
    22
    53
     3
   506
   456
    16
     6
    21
    10
     0
    25
   267
   246
    11
     6
    44
    94
   150
    58
    14
    66
    12
    11
     8
     1
     0
     3
   530
   577
    25
    21
    21
    18
    18
    67
   260
   202
    51
     8
    16
    36
    73
    78
     0
     4
     0
    10
     0
     1
     0
     0
  1150
     5
    38
    57
    56
   261
     0
    11
    10
    17
    17
    95
    54
   172
    40
     0
     0
