     8
     0
     0
     0
     0
     0
     0
   145
     0
     0
     0
     0
    20
     0
     0
     0
     0
     0
    17
     7
   147
     0
     0
     0
    43
     0
     0
     0
     0
     0
     0
    58
     0
     1
     6
    12
     8
     1
     0
     7
     0
     0
    47
     0
   142
     6
     0
     0
     0
     0
     0
     0
     0
     0
     0
    56
     2
     0
     2
     0
    22
     2
     3
     2
     0
     0
     2
    12
     2
    15
     0
     0
     0
     0
     3
     0
     0
     0
     0
    41
     0
     0
     0
    15
    13
     0
     0
     8
     0
     8
     8
    13
    17
     4
     0
     0
     0
     0
     0
     0
     0
     0
     0
   122
     0
     2
     0
     2
    20
     0
     0
     2
     0
     6
     6
     3
    10
     6
     0
     0
     0
     0
     0
     0
     0
     0
     0
   104
    33
     4
     6
     7
     0
     0
     0
   143
    21
     0
     0
     9
     8
     0
    39
     0
     5
     0
    10
     0
     0
     0
     4
    30
    39
     0
     0
     0
    40
     5
     0
    19
    16
     2
     0
     0
    11
     6
    14
     0
     0
     0
     0
     0
     1
     0
     0
    96
     6
     0
     0
     0
    14
    14
     0
     2
     0
     2
     0
     0
     1
    52
     0
     0
     5
     0
     0
     0
     0
     0
     2
   110
     0
     0
     0
     0
     6
     0
     4
    39
     0
     0
     0
     0
    18
     0
     0
     0
     0
     0
     0
     0
     0
     0
     6
    85
     9
     0
     0
     0
    22
     0
     0
     2
     0
     0
    18
     0
    40
     5
     0
     0
     0
     0
    41
     4
     0
     0
     0
    62
     0
     0
     6
     0
     6
     3
     0
     0
     0
     0
    12
     4
     9
     3
     0
     0
     0
     0
     0
     0
     0
     0
     0
    50
     0
     0
     8
     3
    25
     0
     0
     0
     0
     0
    15
     3
     0
     2
     0
     0
     5
     0
     4
     0
     0
     0
     0
    21
    42
     0
    43
     0
    41
     0
     0
    47
    42
     2
     0
     1
     4
     0
    19
     0
     0
     0
     0
     0
     0
     0
     0
    23
    46
     0
     0
     2
     8
     0
     0
     2
     7
     1
     0
     0
     9
     4
     2
     0
     0
     0
     0
     0
     0
     0
     0
   183
     0
     0
     3
     0
    21
     0
     0
     0
     0
     0
     5
    15
     1
    48
     0
     0
     0
     0
     0
     0
     0
     0
     0
    76
     6
     3
     0
     1
    11
     0
     3
     0
     0
     0
     0
     9
     4
     3
     3
     0
     0
     0
     0
     0
     3
     0
     0
    35
     0
     0
     0
     0
   149
     0
     2
     0
     0
     0
     7
     0
    11
     3
     0
     0
     0
     1
     0
     0
     0
     0
     0
   130
     0
     0
     0
     0
     8
     0
     0
     0
     0
     0
     7
     0
     4
     0
     0
     0
     0
     0
     0
     0
     0
     0
     0
   149
     0
     0
     0
     0
    30
     2
     0
     0
     4
     0
     4
     0
     9
     7
     0
     0
     0
     0
     0
     0
     0
     0
     0
    34
    54
     0
     7
     0
     0
    39
     0
    22
    19
     5
     0
     3
     6
     3
     0
     0
     0
     2
     0
     0
     0
     0
     0
     3
   107
     0
     1
     3
     0
     0
     0
    15
    52
    39
     0
     0
    12
     0
     0
     0
     0
     0
     0
     0
     0
     0
    43
    87
     0
     1
     0
     5
     2
     2
     0
     0
     0
    18
     5
    11
    11
    13
     0
     0
     0
     0
     0
     0
     0
     0
     7
    66
     0
     4
     0
     0
    18
     0
     1
     0
    41
     0
     1
     5
    12
    53
     0
     0
     0
     0
     0
     0
     0
     0
     0
    86
     0
     9
     0
     0
    21
     0
     0
     0
     5
    37
     4
    47
    10
     0
     0
     0
     0
     0
     0
     0
     0
     0
     0
    85
     3
     0
     0
     2
    20
     0
     0
     0
     0
     0
     2
     0
     7
     0
     0
     0
     0
     0
     0
     0
     0
     0
     3
   116
     0
     0
     4
     0
    12
     0
     0
     0
     7
     0
     3
     2
     5
     0
     0
     0
     0
     0
     0
     0
     0
     0
     0
    14
    81
     5
     0
     0
     0
     0
     3
    11
    10
     0
     0
     2
    17
    48
     0
     4
     2
     0
     0
     0
     3
     0
     0
   115
    42
     0
     0
     0
    14
     4
     0
    14
    15
     4
     0
     0
     0
     5
     8
     0
     0
     0
     0
     0
     0
     0
     0
   167
    10
     0
     0
     0
    59
     0
     0
     0
     0
     0
     0
     2
     7
     0
     0
     0
     0
     0
     0
     3
     0
     0
     0
    35
     6
     0
     5
     0
     9
     4
     0
     1
     0
     3
     8
     5
     2
    41
     0
     0
     7
     0
     0
     0
     0
     0
     0
   130
     0
     0
    42
     4
    17
     0
     0
     0
     5
     0
     9
     3
    11
     0
     0
     0
     0
     0
     0
     0
     0
     0
     0
    75
     4
     0
     0
     0
    56
     0
     0
     0
     0
     0
     3
     6
    40
     4
     0
     0
     0
     0
     0
     0
     0
     0
     0
    53
     0
     0
     0
     0
    95
     3
     0
     0
     0
     0
     0
    42
     2
     6
     0
     0
     0
     0
     0
     0
     0
     0
     0
    76
    74
     0
     0
     0
     0
     0
    11
    49
    61
     1
     0
     0
    19
    20
    20
     0
     0
     0
     0
     0
     0
     0
     0
   103
    35
     0
     0
    44
     0
     4
     0
    56
    31
     0
     0
     2
     4
     6
    13
     1
     0
     0
     0
     0
     0
     0
     0
    90
     0
    11
    12
    16
   142
     2
     0
     0
     0
     0
     6
    38
     0
    43
     0
     3
     0
     0
     0
     0
     0
     0
     0
    48
    40
     0
     0
     0
    75
     0
     0
     3
     0
     7
    14
     0
     0
     0
     0
     0
     0
     0
     0
     0
     0
     0
     0
    36
     1
     0
     0
     0
     9
     0
     3
     0
     3
     1
     0
     0
     9
     4
     0
     0
     0
     0
     0
     0
     0
     0
     0
    95
     0
     9
     0
     0
    13
     0
     2
     0
     0
     5
     2
     0
     7
     0
     0
     8
     0
     0
     0
     0
     0
     0
     0
   269
     0
     7
     0
     0
    23
     4
     0
     0
     0
     0
    12
     3
     8
     0
     0
     0
     0
     0
     0
    37
     0
     0
     0
    34
    65
     8
     0
    39
     6
     0
     0
     5
    12
     0
     0
     0
     2
     0
     4
     0
     5
     0
     0
     0
     0
     0
     0
    29
    31
     0
     0
     0
     0
     0
     9
    28
    42
     0
     0
     0
    11
     9
    38
     0
     0
     0
     0
     0
     0
     4
     0
    51
     0
     4
     0
     2
    33
     2
     0
     0
     0
     0
    47
     0
     7
    12
     0
     0
     0
     0
     0
     0
     0
     0
     0
   128
     0
     6
     3
     0
    10
     0
     0
     0
     0
     0
     0
    12
    25
     4
     0
     0
     0
     0
     0
     0
     0
     0
     0
    44
     0
     5
     0
     5
    18
     0
     0
     0
     0
     0
     4
    12
     0
     1
     0
     0
     0
     0
     0
     0
     0
     6
     0
    56
     1
     3
     0
     0
    16
     0
     0
     0
     0
     0
     5
     2
     6
    15
     0
     0
     5
     0
     0
     0
     0
     0
     0
    33
     0
     0
     0
     0
     6
     0
     0
     2
     2
     0
     0
     4
    21
     0
     0
     0
     0
     0
     0
     0
    39
     0
     0
    94
    62
     0
     0
     0
     3
     0
     0
    49
     0
     0
    10
    82
    16
     9
    17
     0
     0
     7
     0
     0
     0
     0
     0
    50
    21
     5
     9
     9
     5
     0
     0
    13
     1
     5
     2
     0
    48
    30
     0
     0
    10
     0
     0
     0
     0
     0
     0
    75
     6
     0
     0
     9
    22
     7
     0
     0
     0
     0
     5
     0
    14
    10
     0
     0
     0
     0
     0
     0
     0
     0
     0
    42
     3
     0
     0
     0
    22
     5
     0
     0
     7
     0
     0
     2
     0
    22
     0
     0
     0
     0
     0
     0
     0
     0
     0
    33
     0
    11
     0
     2
    12
     1
     0
     8
     0
     0
     4
    46
     5
    13
     0
     0
     0
     0
     0
     0
     0
     0
     0
    62
     0
     6
     2
     0
    20
     0
     0
     0
     2
     0
    13
     0
     3
    14
     0
     0
     0
     0
     0
     0
     0
     0
     0
    58
     0
     0
     0
     1
    28
     0
     3
     0
     0
     0
     5
     0
    23
     9
     5
     0
     0
     1
     5
     0
     0
     0
     0
    34
    11
    42
     0
     9
     0
     0
     0
   145
    58
     0
     0
     0
     2
     0
    12
     0
     0
    40
     0
     0
     0
     0
     0
    75
    32
     0
     0
     0
     7
     1
     4
    11
     1
     0
     0
     0
     0
     7
    11
     0
     0
     0
     0
    40
     0
     0
     0
    64
     0
     0
    12
     4
    69
     4
     0
     0
     6
     7
     9
     6
     7
     2
     0
     8
     0
     0
     0
     0
     0
     0
     0
   306
     0
     0
     0
     0
    18
     0
     0
     5
     0
     0
     0
    49
    10
     5
     0
     0
     0
     0
     2
     0
     0
     0
     6
   109
     0
    43
     0
     0
     9
     0
     0
     0
     2
     0
     7
     6
     6
     2
     0
     0
     0
     0
     5
     0
     0
     4
     0
   133
     0
     0
     0
     0
    53
     0
     0
     0
     0
     0
     4
    78
     3
     7
     2
     0
     0
     0
     0
     0
     0
     0
     0
   121
     0
     0
     0
    11
    45
     0
     0
     0
     0
     0
    12
     9
     6
     7
     0
     0
     4
     0
     0
     0
     2
     0
     0
   130
    70
     0
     0
     0
     0
     0
     2
    17
    64
     1
     0
     0
     7
     0
    10
     0
     0
    40
     0
     0
     0
     0
     0
    57
    43
     4
     0
     4
     0
     0
     0
    23
     8
     0
     0
     0
     6
     0
     4
     0
     0
     0
     0
     0
     0
     0
     0
    80
     4
     5
     0
     0
    48
     0
     0
     0
     0
     0
     5
     4
     0
     0
     0
     0
     1
     0
     5
     0
     4
     0
     0
   163
     0
     0
     5
     0
    15
     0
     7
     3
     0
     0
     0
     0
     0
     6
     0
     0
     1
     0
     1
    39
     0
     0
     0
   202
     0
     0
     0
     0
    10
     3
     1
     0
     3
     0
     5
     9
    10
     6
     1
     0
     0
     0
     0
     0
     0
     0
     0
   136
    38
     8
     0
     0
     9
     0
     0
     0
     0
     0
     0
     5
     9
     0
     0
     0
     0
     0
     0
     0
     0
     0
     0
   138
     2
     0
     0
    41
    67
     1
     0
     0
     4
    13
    54
     2
     5
     6
     0
     0
     0
     0
     0
     0
     3
     0
     0
    96
    27
     0
   139
     0
     8
     0
     0
    39
     6
     0
     0
     0
     9
     7
    43
     0
     0
     0
     0
     0
     7
     0
     0
    85
     9
     0
     0
    14
     0
     0
    40
    13
    51
     2
     4
     0
     3
    47
     3
     0
     0
     9
     4
     0
     3
     0
     0
    92
     6
     0
     0
     0
     9
     0
     0
    11
     0
     0
     0
    13
     3
     0
     0
     0
     0
     0
     0
     0
     0
     0
     0
    52
     0
    40
     0
     8
    13
     0
     0
     3
     6
     0
    12
    61
     9
     7
     0
     0
     0
     0
     0
     0
     0
     3
     0
   122
     0
     0
     0
     0
     9
     4
     6
     0
     0
     0
     2
    23
    51
     0
     2
     0
     0
     0
     0
     0
     0
     0
     0
   201
     3
     3
     0
     0
    12
     9
     0
     0
     1
     2
    42
    16
     4
     0
     0
     0
     0
     0
     0
     3
     0
     0
     0
    45
     0
     0
     0
     0
     7
     0
     0
     0
     0
     1
     5
     0
     0
    15
     1
     6
     0
     0
     0
     0
     0
     4
     0
    12
    99
     0
     2
     0
     0
     0
     0
     1
    52
     1
     4
     0
     1
     0
     0
     9
     0
     0
     8
     0
     0
     0
     0
    45
    51
     9
     0
     0
     0
     0
     0
    74
    31
    49
     0
     0
     1
     7
     0
     0
     0
     0
     0
     0
     0
     0
     0
   138
     0
     0
     5
     0
    23
     0
     0
     4
     0
     0
     3
     7
    17
     5
     0
     0
     0
     0
     0
     5
     0
     0
     0
    44
     0
     0
     0
     1
    25
     0
     0
     0
     0
     1
    13
     0
    52
    17
     0
     0
     0
     2
     0
     0
     0
     0
     0
   178
     0
     0
    44
     0
    21
     0
     0
     0
     0
     1
     6
     0
     0
     6
     0
     0
     0
     0
     0
     0
     0
     0
     0
    49
     0
     3
     0
    11
    30
     0
     0
     5
    42
     0
     5
     7
    13
     1
     0
     0
     0
     0
     0
     0
     1
     0
     0
    60
     5
     0
     0
     7
    19
     0
     0
     0
     0
     0
    10
    15
     2
    52
     0
     5
     0
     0
     0
     0
     0
     0
     2
   109
     9
     0
     8
     4
     1
     2
     4
    12
    53
     0
     2
     0
    41
    37
    47
     0
     0
     3
     0
     0
     0
     0
     0
    60
    31
     0
     7
     5
     1
     0
     2
     6
    24
     0
     1
     0
     1
     3
     0
     0
     0
     0
     0
     0
     0
     0
     0
   125
     0
     0
     3
     0
    50
     3
     0
     0
     0
     0
    11
     6
     0
     1
     5
     0
     0
     0
     0
     0
     0
     0
     0
   262
     5
     0
     0
     0
    16
     4
     0
     2
     0
     0
     0
     0
    12
   143
     0
     0
     0
     0
     0
     0
     0
     0
     0
   142
     0
     0
     0
     0
    12
     5
     3
     0
    11
     0
    47
    13
     0
    20
     0
     0
     0
     0
     0
     3
     0
     0
     0
    77
     0
     0
     0
     1
    75
     5
     0
     0
     0
     0
     6
     1
     0
     5
     0
     0
     0
     0
     0
     0
     0
     0
     0
    57
     0
     7
     0
     8
    71
     0
     0
     0
     2
     0
    40
     0
     9
   139
     0
     0
     0
     0
     0
     0
     0
     8
     2
     8
    28
     5
     0
     7
     0
     0
     6
   159
    15
     0
     0
     5
     8
     0
    43
     0
     0
     1
     0
     0
     0
     1
     5
    43
   215
     0
    40
     0
     0
     0
     0
     7
   104
     8
     6
     0
     8
    43
    41
     0
     0
     0
     0
     0
     0
     0
    41
    86
     0
     0
     0
     0
     6
     0
     0
     0
     0
     0
    25
     7
     9
     0
     0
     0
     0
     0
     0
     4
     0
     5
     0
   221
     0
     6
     2
     9
    17
     0
     2
     0
     0
     0
     3
    12
    14
     8
     0
     0
     0
     0
     7
     0
     0
     0
     0
    68
     0
     0
     4
     2
    11
     3
     0
     0
     0
     0
    14
    41
     6
     2
     0
     0
     0
     0
     0
     0
     0
     0
     0
   120
     0
     3
     0
     2
    52
     8
     0
     9
     7
     0
     2
     0
     0
     6
     0
     0
     0
     0
     0
     0
     0
     0
     0
    44
     2
     0
     5
     0
    52
     0
     0
     0
     0
     0
    52
    51
     5
    16
     0
     0
     0
     0
     0
     0
     0
     0
     0
   198
    58
     0
     3
     0
     1
     0
     0
    48
    20
     2
     0
     1
    57
     7
     8
     0
     0
     0
     0
     0
     0
     7
     0
    25
    79
     0
     0
     0
     3
     0
     0
    22
    12
     2
     2
     0
     4
    11
     4
     0
     0
     0
     0
     0
     0
     0
     0
    74
     0
     4
     0
     0
     7
     0
     0
     0
     0
     0
     0
    42
    20
     4
     0
     0
     0
     0
     0
     0
     0
     0
     0
    57
     0
     0
     0
    38
    52
     0
     0
     0
     2
     2
     0
     8
     0
     2
     0
     0
     0
     0
     0
     0
     0
     0
     0
    48
     0
     0
     0
     0
    16
     6
     0
     0
     0
     0
    42
     7
     7
     2
     0
     0
     0
     0
     0
     0
     0
     0
     1
    94
     0
     0
     0
     0
    40
     4
     0
     0
     0
     0
     7
    12
     0
     9
     0
     0
     0
     7
     0
     0
     0
     0
     0
    47
     0
   144
     0
     5
    20
     2
    43
     0
     0
     0
     2
     0
     0
     4
     0
     0
     0
     0
     0
     0
     0
     1
     0
    14
    22
     0
     5
     1
     0
     0
     8
    11
    21
     0
     0
     0
    47
     0
    12
     3
     0
     0
     0
     0
     0
     0
     0
    53
   110
     0
     0
     0
     0
     2
     2
    19
    11
     0
     0
     0
     0
     0
    42
     0
     0
     0
     0
     5
     0
     0
     0
    95
     0
     4
     4
     2
    69
     0
     0
     0
    10
     2
     8
    20
     5
     0
     0
     0
     0
     0
     0
     0
     4
     0
     0
    44
     0
     0
     5
     0
    15
     1
     0
     0
    40
     0
     4
     0
     6
    54
     0
     1
     0
     0
     0
     0
     0
     2
     3
   169
     0
    43
     0
     0
    11
     0
     0
     0
     0
     0
     4
    36
     3
     0
     0
     0
     0
     0
     0
     0
     0
     0
     0
    72
     0
     0
     0
     0
     7
    16
     0
     4
     0
     0
     8
     7
    11
     0
     0
     0
     0
     0
     0
     0
     0
     0
     0
   129
     0
     0
     0
     0
    16
     3
    12
     2
     0
     0
    39
     9
     8
     0
     0
     0
     0
     0
     0
     0
     0
     2
     0
   125
    51
     0
     0
     0
     5
     0
     0
     8
     9
     5
     0
     0
    15
     2
     6
     0
     0
     0
     0
     0
     0
     0
     0
    11
    67
     0
     0
     0
     0
     0
     7
   201
    52
     2
     0
     0
     6
    42
     4
     0
     0
     0
     0
     0
     0
     0
     0
    85
     0
     0
     0
     9
    11
     1
     6
     1
     0
     0
     4
    10
     2
     5
     0
     0
     7
     0
     0
     0
     0
     0
     0
    43
     0
     0
     0
     0
    10
     1
    41
     0
     5
     0
     8
     1
     4
    48
     0
     0
     0
     0
     0
     0
     7
     0
    11
    95
     0
     0
     0
     0
    18
     0
     0
    42
     0
     0
     9
    12
    18
    52
     0
     0
     0
     0
     0
     0
     0
     0
     0
    35
     0
     0
     0
     0
     9
     0
     0
     0
     3
     4
     7
     0
     7
     4
     0
     0
     0
     0
    40
     0
     0
     0
     0
    54
     0
     0
     6
     0
    11
     0
     0
     3
     7
     0
    12
     0
     3
    11
     0
     0
     0
     1
     0
     0
     0
     0
     0
    36
    23
     0
     4
     0
     0
     7
    10
    43
     9
     0
     0
     0
     9
     3
     6
     0
     0
     7
     0
     0
     5
     0
     0
    53
    36
     0
     3
     0
     0
    39
     0
    62
     7
     0
     0
     0
    11
     0
     3
     0
     0
     0
     0
     0
     0
     0
     0
   131
     0
     0
     0
     0
    66
     1
     0
     2
     0
     0
     7
     0
     8
     5
     0
     0
     0
     0
     0
     0
     0
     3
     0
    80
     0
     3
     0
    15
     7
     0
     3
     0
     0
    10
     0
    48
     0
    13
     0
     0
     0
     0
     0
     0
     0
     0
     0
    59
     0
    43
     0
     0
    20
     0
     0
     0
     0
     4
    11
    20
     0
     8
     0
     0
     0
     0
     0
     0
     0
     0
     0
   167
     0
     1
     0
     0
    18
     0
     0
     4
     0
     0
     2
     5
    23
     2
     0
     0
     3
     0
     0
     0
     0
     0
     0
   136
     0
     5
     0
     0
    11
     0
     0
    40
     0
     0
     0
     8
     2
     6
     0
     0
     0
     0
     0
     0
     0
     4
     0
    58
    30
     0
     1
     5
    17
     0
     3
     0
     8
     4
     1
     0
     6
    38
     3
     0
     0
     0
     0
     0
     0
     0
     0
    43
    35
     1
    10
     0
     0
     0
     3
    56
    67
     0
     0
     7
     5
     8
     6
     0
     0
     0
     0
     0
     0
     0
     0
    35
     0
     1
     0
     6
     2
     0
     3
     0
     5
    41
     5
    15
     6
     3
     0
     0
     0
     0
     0
     0
     0
     0
     0
    58
     0
     0
     0
     0
    20
     0
     1
     0
     0
     0
    14
     0
     5
     3
     0
     0
     2
     3
     0
     0
     0
     0
     0
   119
     1
     5
     4
     6
     8
     0
     1
     0
     0
     0
     1
     2
     1
     0
     0
     0
     0
     0
     0
     0
     0
     0
     0
    78
     0
     0
     9
     8
    77
     3
     0
     0
     0
     0
     0
     9
    39
    18
     0
     0
     0
     0
     0
     0
     0
     0
     0
    38
     7
     0
     0
     0
     6
     0
     4
     0
    12
     2
     2
    12
     0
     3
     0
     0
     0
     5
     0
     0
     0
     0
     0
    25
    71
     3
     0
     0
     0
     3
     9
    70
    21
     0
     0
     0
     6
     8
    38
     0
     0
     0
     0
     0
     1
     0
     0
    40
    53
     6
     0
     7
     0
     0
     2
    20
    13
     0
     0
     0
     8
     6
     6
     0
     0
     0
     0
     0
     0
     0
     0
    63
     0
     0
     1
     0
    77
     0
     0
     0
     0
     0
     1
     3
     4
     0
     0
     0
     0
     0
     0
     0
     0
     0
     0
   231
     0
     2
     0
     7
    18
     0
     0
     0
     9
     0
     0
     8
     2
     3
     0
     0
     0
     0
     0
     0
     0
     0
     0
    73
     0
     0
     4
     0
    63
     0
     0
     0
     0
     0
     0
    47
    42
    10
    38
     0
     0
     0
     0
     1
     0
     0
     0
    65
     1
     0
     0
     0
    41
     2
     0
     1
     0
     0
     6
     0
     0
     0
     0
     0
     0
     0
     0
     0
     0
     2
     0
   230
     0
     0
     4
     1
     9
     0
     0
    10
     0
     0
     1
    10
    12
     1
     0
     0
     0
     0
     0
     0
     0
     0
     0
    19
    14
     0
     1
     0
     4
     0
     7
     6
    15
     0
     0
     0
    11
    12
     0
     0
     0
     2
     0
     0
     0
     0
     0
    64
    65
     0
     4
     0
     0
     4
     0
    59
     7
     3
     0
     0
     0
     8
     3
     0
     0
     0
     0
     0
     0
     0
     0
    53
     9
     6
     0
     0
    69
     0
     5
     0
     2
     0
   190
    23
     6
     8
     0
     0
     0
     0
     0
     0
     0
     0
     4
    95
     0
     0
     0
     0
   105
     0
     0
     7
     0
     0
     2
     1
     7
     0
     0
     0
     0
     0
     0
     0
     0
     0
     0
    54
     0
     0
     0
     2
    18
     5
     0
     0
     0
     0
     6
     0
    14
     2
     0
     0
     0
     9
     0
     0
     0
     0
     0
    76
     8
     0
     4
     0
     2
     5
     0
     0
     0
     0
    12
     0
    17
    88
     0
     0
     0
     7
     0
     0
     0
     2
     0
    72
     0
     0
     2
     0
     9
     2
     0
     5
     6
     4
     6
    39
    42
    40
     0
     0
     0
     2
     0
     7
     0
     0
     0
    62
    56
     1
     9
     0
     0
     0
     0
    10
    10
     0
    17
     1
    25
     5
     5
     0
     0
     0
     0
     0
     0
     0
     0
    54
   202
     4
     0
     0
     0
     0
     0
    51
     2
     0
     5
     0
     0
    43
     8
     0
     0
     0
     0
     0
     0
     3
     0
    96
     0
     0
     0
     1
    91
     3
     0
     6
     0
     0
     0
     9
     4
    15
     0
     0
     0
     0
     0
     0
     0
     0
     0
    29
     0
     6
     1
     0
    30
     8
     2
     0
     0
     0
     5
     4
     7
     4
     0
     0
     0
     2
     0
     0
     0
     0
     0
    22
     0
     0
     0
     2
    63
     0
     0
     0
     0
     0
     6
     0
     7
     3
     0
     0
     0
     0
     0
     0
     0
     0
     0
    40
     5
     0
     0
     9
    15
     0
     7
     0
     0
     0
    12
    49
     5
     0
     0
     0
     0
     0
     3
     0
     0
     0
     0
    22
     0
     0
     0
     0
    23
     0
     3
     4
     0
     0
     0
     0
     0
    26
     0
     0
     0
     0
     0
     0
     0
     0
     0
    68
    35
     0
     5
     0
     0
     0
     1
    28
     0
     0
     0
     0
     3
     8
     2
     0
     0
     0
     0
     0
     0
     0
     0
    73
    17
    13
     2
     0
     0
    39
     0
    54
    54
     0
     5
     0
     4
    14
    12
     0
     0
     0
     0
     0
     0
     0
     0
    30
     0
     0
     4
     2
    48
    12
     0
     0
     6
     0
     8
     4
     8
     0
     0
     0
     0
     0
     0
     0
     0
     0
     0
    82
     0
     0
     0
     0
     5
     3
     6
     0
     0
     3
     9
     7
     2
     0
     0
     0
     0
     0
     0
     0
     0
     0
     0
   156
     0
     1
     0
     0
    17
     0
     0
     0
    40
     0
     0
     0
     9
     8
     0
     0
     0
     0
     0
     0
     0
     0
     0
   225
     0
     0
     0
     0
    24
     0
     0
     0
     0
     0
     0
     0
     8
    51
     0
     0
     0
     0
     0
    10
     0
     1
     0
   178
     0
     0
     6
    12
     2
     6
     0
     0
    40
     8
    12
     3
     0
    11
     0
     0
     0
     0
     0
   140
     0
     0
     0
     6
    68
     0
     0
     0
     5
     1
     2
    30
     8
     0
     0
     0
     7
     0
    49
     5
     0
     0
     3
     0
     0
     0
     8
    71
    49
     1
     2
     0
     0
     0
     0
    92
    86
     4
     2
     0
    48
     1
     6
     0
     0
     0
     0
     0
     0
     0
     0
    60
     0
     0
     0
     0
    18
     0
     0
     0
     0
     0
     8
     3
    46
    14
     0
     0
     0
     0
     0
     0
     0
     0
     0
   116
     0
     1
     2
     4
    24
     0
     0
     0
     3
     0
     0
     3
     2
    14
     0
     0
     0
     0
     0
     0
     0
     0
     0
    46
     0
     0
     0
     7
    65
     0
     8
     1
     0
     0
     8
    10
    13
     5
     0
     0
     0
     0
     0
     0
     0
     0
     0
    53
     0
     0
     0
     0
    18
     0
     0
     0
     0
     1
     9
     4
     0
     6
     0
     0
     0
     0
     0
     0
     0
     0
     0
    50
     0
     2
     0
     0
     3
     0
     0
     0
     0
     7
    41
    14
   143
     7
     0
     0
     0
     0
     0
     6
     0
     0
     0
    62
   113
     7
     0
    25
     0
     0
     0
     1
    60
     1
     4
     0
     0
     3
     1
     0
     0
     0
     0
     0
     0
     0
     0
    91
    21
     4
     0
     0
     0
     0
     9
   103
    15
     2
     0
     4
     4
     1
     3
     0
     0
     0
     0
     0
     0
     0
     0
   103
     0
     0
     0
     0
    22
     0
     0
     0
     0
    11
     4
    18
     0
     1
     0
     0
     5
     0
     0
     0
     0
     0
     0
    85
     0
     4
    10
     0
     7
     0
     0
     7
     0
     0
     3
     1
     7
     0
     0
     0
     0
     0
     0
     0
     0
     0
     0
   168
     2
     6
     1
     0
    13
     0
     0
     0
     0
     0
    13
     7
     2
     0
     0
     0
     0
     0
     0
     0
     0
     0
     0
    31
     7
     0
     0
     0
    52
     0
     0
     0
     0
     0
     0
     8
     7
     0
     0
     0
     0
     0
     0
     0
    41
     0
     0
    82
     0
     6
     0
     0
    10
     0
     0
     0
     0
     3
    14
    22
     3
     0
     0
     0
     0
     0
     0
     0
     0
     0
     7
    63
    58
     0
     5
     9
     0
     0
     0
    63
     8
     0
     0
     3
    18
     0
     3
     0
     0
     0
     0
     0
     0
     0
     0
    45
    26
     0
     0
     1
     0
    13
     0
    12
    17
     0
     0
     4
    13
     0
     6
     0
     0
     0
     0
     0
     0
     0
     0
   125
     0
     1
     0
     0
    42
     0
     0
     2
     0
     0
    45
     1
     4
     8
     0
     0
     0
     0
     0
     0
     0
     0
     0
    52
     3
     1
     0
     4
     5
     0
     0
     0
     0
     1
     0
     4
    37
     2
     0
     1
     0
     0
     0
     0
     0
     0
     0
    67
     0
     4
     0
     0
     7
     0
     0
     0
     0
     0
    10
     0
     0
    39
     5
     0
     0
     0
     0
     0
     0
     0
     0
    76
     0
     0
     0
     0
    42
     0
     0
     0
     2
     0
     4
    13
    51
     0
     0
     0
     0
     0
     0
     0
     0
     0
     0
    35
     0
     0
     0
     0
    37
     0
     0
     6
     0
     0
     1
     0
     1
     0
     0
     0
     0
     0
     0
     0
     0
     0
     0
   175
   206
     0
     3
     0
     0
     0
     2
    48
    17
     0
     0
     0
    40
     0
     2
     0
     0
     0
     0
     0
     0
     0
     0
    35
     9
     4
     0
     0
     0
     0
     0
     7
     5
    10
     0
    43
     0
     9
     0
     0
     0
     0
     0
     0
     0
     0
     0
    44
    40
     9
    38
     5
    90
     5
     0
     0
     0
     0
     7
     0
     6
     7
     0
     0
     0
     0
     0
     0
     0
     0
     0
   154
     0
     0
     0
     5
    20
     0
     0
     0
     0
     5
     1
     3
     5
     0
     0
     0
     0
     0
     0
     0
     0
     0
     0
    86
     0
     0
     0
     3
    42
     0
    14
     0
     0
     0
     7
     0
     1
     0
     0
     0
     0
     0
     2
     0
     0
     0
     0
    81
     0
     0
     0
     0
    18
     7
     1
     2
     1
     3
     3
     0
     9
     7
     0
     0
     0
     1
     0
     0
     3
     0
     0
    30
     9
     0
    49
     0
    14
     5
     0
     0
     8
     0
    43
     5
     9
     3
     7
     0
     0
     0
     0
     0
     0
     0
     0
    21
    34
     0
     0
     0
     8
     0
     7
     9
   109
     0
     0
     6
     3
    49
    12
     0
     0
     0
     0
     0
     0
     9
     0
    12
    79
     0
     0
     1
     2
     0
    40
     4
     7
     0
     6
     0
     0
     0
     0
     0
     0
     0
     0
     0
     0
     0
     0
   120
     3
     4
     0
     2
     9
     0
    40
     5
    40
     0
     1
    18
     0
     5
     0
     0
     0
     0
     0
     6
    39
     0
     0
   171
     0
     0
     0
     0
     3
     0
     0
     0
    10
     0
     0
     0
     5
     0
     0
     0
     0
     2
     0
     0
     2
     6
     0
    32
     0
     0
     0
     6
    13
     0
     1
     0
     0
     0
    11
     4
     1
    16
     0
     0
     0
     0
     0
     0
     0
     0
     0
   114
     0
     0
     0
     0
   152
     8
     0
     0
     7
     0
     0
     0
     6
     0
     0
     0
     0
     0
     0
     0
     0
     0
     8
    49
     0
     0
     0
     2
    13
    86
     0
     0
     0
     0
     0
     0
    19
     9
     0
     0
     0
     0
     0
     0
     0
     0
     0
     8
    11
     7
     0
     0
     0
     0
     0
    47
    17
    47
     0
     0
     0
     7
     6
     0
     1
     0
     0
     0
     0
     0
     0
    53
    47
     5
     0
    11
     8
     4
     0
     6
    29
     0
     0
     0
     0
     6
     0
     9
     0
     0
     0
     0
     0
     0
     0
    74
     0
     0
     0
     6
    58
     0
     0
     2
     0
     2
     0
     8
     4
     0
     0
     0
     0
     0
     0
     0
     0
     0
     0
     8
     0
     6
     0
     3
   145
     0
     0
     0
     1
     3
     0
     4
     1
    40
     0
     0
     0
     0
     0
     0
     0
     0
     0
    64
     0
     0
     0
     0
    47
     0
     0
     0
    38
     0
     9
    21
     0
     0
     0
     6
     0
     0
     0
     0
     0
     0
     0
   105
     0
     0
     0
     6
    70
     0
     0
     0
     0
     0
     0
     6
    38
     3
     0
     0
     0
     0
     0
     0
     0
     0
     0
    65
     0
     0
     1
     0
    21
     0
     3
     0
     0
     0
     2
    16
     0
     5
     0
     0
     0
     0
     0
     0
     0
     0
     0
    74
    46
     3
     5
     0
     0
     0
     0
    62
     8
     1
     0
     0
    14
     6
     7
     0
     5
     0
     0
     0
     0
     2
     0
    29
    23
     0
     2
     0
     2
     0
     0
    44
    14
     2
     1
     0
     2
     9
     0
     0
     0
     0
     0
     0
     0
     0
     0
   123
     0
     0
     0
     0
    11
     0
     0
     0
     0
     0
     8
     2
    15
     9
     0
     0
     0
     0
     0
     0
     0
     0
     0
   123
     2
     0
     0
     0
     8
     7
     0
     0
     2
     0
     3
    11
     4
     2
     0
     0
     0
     0
     0
     0
     0
     0
     0
    33
     0
     0
     0
     0
    52
     0
     0
     0
     0
     0
    10
     4
     0
     8
     0
     0
     0
     0
     0
     0
     0
     0
     0
   134
     0
     0
     6
     0
     6
     1
     2
     5
     5
     0
     8
    11
    12
     0
     0
     0
     0
     0
     0
     0
     0
     0
     0
    25
     0
     0
     1
     0
    32
     0
     0
     2
     0
     0
    12
     0
     8
    14
     0
     0
     0
     0
     0
     0
     0
     0
     0
    65
    27
     5
     5
     5
    46
     0
     5
   191
    51
     0
     0
     0
     6
     5
   140
     0
     0
     0
     0
     0
     0
     0
     0
    49
    22
     3
     0
     0
    16
     1
     0
    54
    20
     0
     0
     4
     6
     0
     0
     0
     0
     0
     0
     0
     0
     0
     0
    68
     0
     0
     6
     0
    28
     0
     5
     0
     0
     2
    16
     3
     1
     0
     0
     0
     0
     0
     0
     0
     0
     0
     0
    40
     0
     0
     0
     0
     9
     9
     0
     0
     0
     0
     1
    83
     9
     4
     0
     0
     0
     0
     0
     0
     0
     0
     0
   160
     0
     0
     4
     0
    10
     0
     0
     0
     0
     4
     3
     1
     4
     5
     0
     0
     0
    39
     0
     0
     0
     0
     0
    75
     0
     0
     0
     9
    43
     0
     0
     0
     5
     0
     0
    40
    41
    43
     0
     0
     0
     0
     0
     0
     0
     0
     0
    67
     6
     3
     1
     0
    14
     0
     0
     0
     0
     0
     6
     5
     8
     9
     0
     0
     0
     0
     0
     0
     0
     0
     0
    61
    49
     0
     3
     0
     0
     8
     0
    13
     5
     0
     0
     0
     8
     3
    15
     0
     0
     0
     0
     0
     0
     3
     0
    97
    31
     0
     5
     0
     0
    11
     0
     7
    15
     0
     0
     0
     4
     2
     0
     0
     0
     0
     0
     0
     0
     0
     0
    20
     0
     0
     0
     0
    12
     0
     0
     0
     0
     0
     8
     0
     8
     0
     0
     0
     0
     0
     0
     0
     0
     0
     0
   112
    41
     0
     0
     0
     7
     0
     0
     0
     0
     0
     0
     0
     4
     6
     0
     0
     0
     0
     0
     0
     0
     0
     0
    38
     9
     0
     0
     0
    17
     0
     0
     4
     2
     0
     0
     7
     1
     9
     8
     0
     0
     0
     0
     0
     0
     0
     0
    75
     0
     5
     0
     0
     2
     0
     5
    11
     5
     0
     4
    43
    12
    13
     0
     0
     0
     0
     0
     0
     0
     0
     0
    60
     0
     0
     0
     0
     5
     0
     0
     1
     0
     0
    12
     8
    53
    47
     0
     0
     0
     0
     0
     0
     0
     0
     0
    43
     8
     3
     7
     0
     6
     2
     0
    25
     9
     3
     0
     0
     0
     0
     5
    10
     0
     0
     0
     0
     0
     0
     5
    33
    13
     0
     0
     0
     0
     0
     0
     7
     4
     0
     2
     0
    13
     0
    48
     0
     0
     0
     0
     0
     0
     0
     0
   127
     0
     3
     0
     0
    11
     0
     0
     7
     6
    38
     4
     7
     2
     0
     0
     0
     0
     0
     0
     0
     0
     0
     0
    44
     8
     0
     0
     0
     8
     0
     0
     0
     0
     7
     4
     9
     6
     8
     4
     0
     0
     0
     0
     0
     0
     0
     0
   111
   144
     0
     0
     3
    59
     1
     0
     0
     0
     0
     0
     6
    12
     4
     0
     0
     0
     0
     0
     0
     0
     0
     0
    96
     0
     0
     0
     0
    21
     0
     0
     0
     0
     0
    13
     1
    13
     0
     0
     0
     0
     0
     0
     0
     0
     0
     0
    43
     2
     0
     0
     0
    66
     0
     0
     0
     0
     0
     5
    41
    39
    11
     0
     0
     0
     0
     0
     0
     0
     0
     0
    37
    52
     0
     0
     0
     0
     0
     0
    15
    24
     0
     0
     0
    11
     1
     0
     0
     7
     0
     0
     0
     0
     0
     0
    67
    62
     0
     0
     6
     0
     0
     0
     9
    39
     4
     6
     0
    14
    43
     0
     0
     0
     0
     0
     0
     0
     0
     0
    82
     0
     0
     0
     0
     2
     0
     1
     0
     9
     0
    87
     2
     9
     0
     0
     0
     0
     0
     0
     0
     0
     0
     0
    72
     0
     0
     0
     0
     3
     0
     0
     0
     0
     0
     0
     4
     6
     3
     0
     0
     0
     0
     0
     0
     0
     0
     0
    30
     3
     6
     0
     0
    33
    50
     0
     0
     0
     0
     0
     0
     0
     2
     0
     0
     0
     0
     0
     0
     0
     0
     0
    24
     0
     1
     0
     0
     8
   147
     0
    40
     3
     0
     3
     0
     4
     9
     0
     0
     0
     0
     0
     0
     4
     0
     0
    96
     0
     6
     0
     0
    13
     0
     0
     0
     0
     0
     4
     9
     4
     6
     0
     0
     0
     0
     0
     0
     0
     0
     0
    71
    44
     0
     0
     0
     0
     0
     0
     9
    91
     0
     0
     7
    12
     8
     6
     0
     0
     0
     0
     0
     0
     0
     0
    25
    40
     7
     0
     0
     0
    43
     0
     1
     0
     0
     8
     0
    53
     4
     8
     0
     0
     8
     0
     4
     0
     0
     0
    77
     0
     0
     1
     2
    17
     0
     0
     0
     2
     0
     6
     4
     4
     0
     0
     0
     0
     0
     0
     0
     0
     0
     0
    57
     0
     0
     0
     0
     0
     0
     0
     0
     0
     0
     0
     6
     8
     0
     0
     0
     0
     0
     0
     0
     0
     0
     2
   166
     4
     0
     0
     0
     4
     0
     1
     0
    43
     0
     0
     2
     0
     0
     0
     0
     0
     5
     0
     0
     0
     7
     0
    30
     0
     0
     0
     0
     2
     0
     0
     0
     0
     0
     0
     0
    47
     0
     0
     0
     0
     0
     0
     0
     0
     0
     0
   126
     6
     0
     0
     0
    11
    10
     0
     0
     0
     0
     3
     3
     0
    14
     0
     0
     0
     0
     0
     0
     0
     0
     0
    54
    63
     0
     0
     0
     0
     0
     0
    14
    21
     0
     0
     3
     0
     9
    41
     0
     0
     0
     0
     0
     0
     0
     0
    97
    96
     0
     3
     8
     0
     0
     7
    13
    15
     0
     0
    11
     0
    11
     8
     0
     0
     0
     0
     0
     0
     0
     0
    25
     0
     0
     0
     7
   160
     0
     5
     0
     0
     0
     9
    45
     7
     7
     0
     0
     0
     0
     0
     0
     0
     0
     0
    83
     0
     0
     0
     0
     6
     3
     1
     3
    12
     0
     0
    12
     1
     3
     0
     0
     0
     0
     0
     0
     0
     0
     0
   133
    43
     0
     0
     7
     8
     1
     3
     0
     0
     0
     3
     4
     0
     0
     0
     0
     0
     0
     0
     0
     0
     0
     0
    61
     5
     0
     0
     0
    15
     0
     0
     7
     0
     4
    14
     2
     6
     6
     0
    44
     0
     0
     0
     0
     0
     0
     0
   111
     0
    17
     0
     4
     3
     0
     0
     5
     0
     0
     9
    12
     5
    20
     0
     7
     0
     0
     0
     0
     0
     0
     0
    17
    81
     4
     6
     0
     0
     0
     0
    12
    11
     0
     7
     0
     7
     0
     1
     8
     0
     0
     0
     0
     0
     0
     0
    84
    40
     0
     0
     1
     0
     0
     0
    21
    20
     0
     0
     0
     7
    25
    11
     0
     0
     0
     0
     0
     0
     0
     0
    68
     3
     0
     0
     0
     2
     0
     0
     0
     0
     0
     0
     1
     1
     0
     0
     0
     0
     0
     0
     0
     0
     0
     0
   119
     0
     3
     0
     0
    15
     3
     5
     2
     0
     0
     4
     0
     7
     0
     0
     0
     0
     0
     0
     0
     0
     0
     0
   115
     0
     2
     2
     0
     5
     0
     0
     0
     0
     0
     0
    15
     0
     8
     0
     0
     0
     0
     0
     0
     0
     0
     0
   131
     3
     0
     4
     0
    55
     0
     5
     0
     0
     3
     6
    14
     0
     0
     0
     0
     0
     0
     0
     4
     0
     0
     0
   158
     7
     0
     0
    42
     1
     0
     0
     0
     0
     0
     0
     1
     2
     4
     0
     0
     0
     0
     0
     0
     0
     0
     0
    28
   109
     0
     0
     0
     0
     0
     0
    49
     4
    42
     0
     0
     0
     5
     1
     0
     0
     0
     0
     0
     0
     0
     0
    28
    25
     0
     0
     0
     2
     0
     0
    13
     6
     0
     9
     0
     2
     0
     0
     0
     0
     0
     3
     0
     0
     0
     0
    70
     0
     0
     0
     0
     5
     0
     0
     0
     0
     0
     0
     2
     6
     8
     0
     0
     0
     0
     0
     0
     0
     0
     0
   154
     0
     3
     0
     0
    17
     0
     8
     0
     0
     0
     4
     1
     0
     2
     0
     0
     0
     0
     0
     0
     0
     0
     0
   184
     4
     0
     0
     5
     8
     0
     5
     0
     0
     6
     5
    38
     3
     8
     0
     0
     0
     0
     0
     0
     0
     0
     0
   246
     0
     0
     0
     0
    14
     0
     0
     2
     0
     4
     0
     1
    50
     5
     0
     0
     3
     0
     0
     0
     0
     0
     0
    58
     3
     2
     0
     2
    18
     0
     2
     0
     0
     0
     0
     6
     3
    13
     0
     0
     0
     3
     0
     6
     0
     0
     0
    26
    35
     0
     0
     0
     2
     4
     8
    15
     7
     0
     0
     6
    14
     3
     0
     0
     0
     0
     0
     0
     6
     0
     0
    16
   174
     0
     4
     0
     0
     5
     0
    22
    20
     0
     1
     0
    12
    45
    12
     0
     0
     0
     0
     0
     0
     0
     0
    88
     0
     7
     0
     0
    53
     0
     0
    14
     0
     0
     0
     0
     3
    20
     0
     7
     0
     6
     0
     0
     0
     0
     0
   119
     0
     5
     0
     0
    21
     0
     0
     0
     0
     0
     0
   146
     8
    10
     0
     0
     0
     0
     0
     0
     0
     0
     0
    49
     0
     0
     0
     0
    23
     0
     0
     6
     0
     0
    11
     0
     1
     5
     0
     0
     0
     0
     0
     0
     0
     0
     0
    53
    39
     0
     0
     1
    11
     0
     0
     0
     0
     0
     0
     0
    40
     1
     0
     0
     0
     0
     0
     0
     0
     0
     0
   210
     6
     0
     0
     0
     3
     0
     6
     0
     0
     0
     0
    47
     0
     0
     0
     0
     0
     0
     0
     0
     0
     0
     0
    69
    40
     0
     0
     2
     0
    14
     1
     2
     3
     0
     4
     0
    48
     0
    40
     0
     0
     2
     0
     0
     0
     0
     0
    54
    34
     0
    18
     0
     1
     0
    10
     2
     9
     0
     3
     0
     0
    44
    13
     0
     6
     0
     0
     0
     0
     0
     0
   165
     0
    10
     0
     0
    14
     2
     6
     2
     4
     0
    12
    42
     4
    18
     0
     0
     0
     0
     0
     0
     3
     0
     0
   232
     0
     0
     0
     0
    10
     0
     0
     0
     1
     0
     6
     0
    47
    13
     0
     0
     0
     0
     0
     0
     0
     0
     0
   165
     0
     0
     9
     0
    63
     1
     6
     0
     1
     0
     1
     9
    37
     8
     0
     0
     0
     7
     0
     0
     0
     0
     0
    45
     0
     0
     0
    12
    13
     0
     0
     7
     0
     0
     0
     0
     5
     0
     5
     0
     0
     0
     0
     0
     0
     0
     0
    77
     0
     0
     2
     7
    54
     0
     0
     0
     0
     0
     0
    52
     8
    13
     0
     0
     0
     0
     0
     0
     0
     0
     8
    10
    27
     0
     0
     1
     0
   138
     0
     6
    47
     0
     3
     0
     8
     1
     0
     1
     0
     5
     0
     9
     0
     0
     0
    14
    54
     0
     0
     0
     0
     0
     0
    42
     0
    38
     0
     0
     1
   140
     2
     0
     0
     0
     0
     0
     0
     0
     0
    69
     0
     0
     0
     0
    14
     0
     0
     0
     0
     1
     0
     4
     3
     0
     0
     0
     0
     2
     0
     0
     0
     0
     0
   100
     8
     0
     0
     0
   156
     0
     0
     0
     0
     9
     6
     0
     4
     0
     0
     0
     0
     0
     0
     0
     0
     0
     0
    61
     0
     0
     0
     0
    13
     0
     2
     1
     0
     0
     0
     0
    14
     0
     0
     0
     0
     0
     0
     0
     0
     2
     0
    71
     0
     0
     0
     0
    45
     3
     0
     0
     0
     2
     0
     2
     9
     0
     0
     0
     0
     0
     0
     0
     0
     0
     0
    42
     2
     0
     0
     0
    24
     2
     0
     0
     0
     0
     0
     7
     6
     0
     0
     6
    38
     0
     0
     6
     0
     0
     0
    74
   122
     0
     0
     1
     0
     0
     0
     6
     9
     0
     0
     0
     9
     9
    14
     0
     0
     0
     0
     0
     0
     5
     3
    12
    28
     0
     0
     0
     6
     0
     6
    13
     9
     8
     0
     0
     6
     3
     0
     0
     0
     0
     6
     0
     0
     0
    37
    31
     0
     0
     0
     0
    16
     6
     0
     0
     0
     0
     1
    14
     7
     0
     0
     0
     0
     0
     0
     0
     0
     0
     0
    44
     2
     0
     0
     0
    83
     1
     0
     0
     1
     1
    14
     2
     0
     5
     0
     0
     0
     0
     0
     0
     0
     0
     0
    80
     0
     5
     5
     0
    58
     0
     0
     0
     0
     0
     5
    10
     6
     0
     0
     0
     5
     0
     0
     0
     0
     0
     0
   119
     0
     0
     1
     0
    40
    39
     0
     0
     0
     0
     7
     0
     0
     5
     0
     0
     0
     0
     0
     0
     0
     0
     8
   242
     0
     0
     3
     0
     8
     0
     0
     0
     0
     0
     3
    11
     0
     0
     0
     0
     0
     0
     0
    10
     0
     0
     0
    25
    64
     5
     0
     8
     0
     0
     0
    24
     9
     3
     0
     0
     6
     4
     3
     0
     0
     0
     0
     0
     0
     0
     0
    29
    37
     0
     1
     1
     0
     0
     0
    19
     5
     6
     6
     0
    46
     3
    11
     0
     0
     0
     0
     0
     0
     0
     0
   106
     0
     9
     0
     0
    31
     3
     0
     0
     0
     0
     0
     0
    39
     0
     1
     0
     0
     0
     0
     0
     0
     0
     0
   163
     8
     0
     4
     0
     9
     0
     1
    11
     0
     0
     5
     0
     0
     8
     0
     7
     0
     0
     0
     0
     0
     0
     0
   102
     0
     0
     3
     0
    21
     5
     1
     0
     0
     0
     9
     0
     0
     0
     0
     0
     0
     0
     0
     0
     0
     0
     0
   142
     2
     0
     0
     4
    53
     0
     0
     0
     1
    39
    12
     0
    79
     1
     0
     0
     0
     0
     0
     0
     0
     0
     0
    40
     0
     0
     1
     0
    56
     0
     0
     3
     0
     0
     1
     3
     7
    63
     0
     0
     0
     0
     2
     0
     0
     0
     0
    19
    56
    11
     2
    10
     3
     0
     0
    12
    59
     0
     0
     2
     6
    55
    37
     0
     0
     0
     0
     0
     0
     0
     0
    11
    84
     3
     0
     7
     5
     0
     7
     6
     8
     1
     0
     2
    16
    14
    53
     0
     0
     0
     0
     0
     0
     0
     0
    81
     4
     0
     0
     0
     6
     0
     0
     0
     0
     0
     0
     4
     1
    20
     0
     0
     0
     0
     0
     0
     0
     0
     0
    66
     2
     0
     0
     0
    47
     0
     0
     0
     0
     0
     0
    12
    44
     4
     0
     0
     0
     0
     0
     5
     0
     0
     0
    45
     4
     0
     3
     0
    17
     0
     0
     0
     0
     0
     6
     1
     7
    46
     0
     0
     0
     0
     0
     0
     0
     5
     0
    41
     0
     0
     3
     1
    13
     0
     0
     0
     6
     0
     3
    42
     0
    57
     0
     0
     0
     0
     0
     0
     0
     0
     0
    50
     4
     3
     0
     0
     9
     0
     0
     0
     0
     0
     2
     7
     6
     3
     0
     0
     0
     8
     0
     0
     4
     0
     0
    45
    34
     0
     1
     0
     0
     6
     6
    75
    49
    12
     4
     3
     0
     5
    11
     0
     0
     0
     0
     0
     0
     0
     0
    33
    62
     0
     0
     1
     0
     0
     0
    85
    10
     0
     0
     0
     2
    10
     8
     0
     0
     0
     2
     2
     0
     0
     0
   103
     0
     0
     7
     5
    59
     0
     0
     0
     0
     1
     2
     7
     4
     4
     0
     0
     0
     0
     0
     0
     0
     0
     0
   147
     0
     1
     1
     0
     5
     0
     1
     0
     0
     0
     0
     0
     9
     7
     0
     0
     0
     0
     0
     0
     0
     0
     3
   159
     2
     0
     0
     0
    48
     6
     0
     5
     5
     0
     5
     0
    36
     4
     0
     0
     0
     0
     0
     0
     0
     0
     6
    71
     0
     1
     6
     5
    25
     0
     0
     0
     0
     0
     3
    46
    17
    16
     0
     0
     0
     0
     0
     0
     0
     5
     0
   126
     0
     0
     0
     0
    54
     0
     0
     0
     0
     0
    10
     2
     8
     6
     0
     4
     0
     0
     0
     0
     0
     0
     0
   115
    43
     0
     0
     0
     2
     0
     0
    18
    46
     2
     6
     0
     4
     1
    18
     0
     3
     0
     0
     0
     0
     0
     0
    17
    95
     0
     0
     0
     0
     0
     0
    65
    44
     0
     0
    38
    47
    19
     5
     0
     0
     0
     0
     0
     0
     0
     0
   119
     5
     0
     7
     2
   104
     0
     8
     0
     0
     7
    39
     2
    48
     1
     0
     0
     0
     0
     0
     0
     0
     0
     0
    73
     0
     0
     0
     0
    50
     0
     0
     0
     0
     0
     0
     8
    17
    10
     0
     6
     0
     0
     0
     0
     0
     0
     0
   128
     3
     3
     0
     1
    12
     0
     3
     0
     0
     0
     3
     7
    13
     0
     0
     0
     0
     0
     0
     0
     0
     0
     0
   114
     5
     0
     0
    40
    26
     0
     0
     0
     2
     0
    10
     6
     4
     5
     0
     0
     0
     0
     0
     0
     0
     0
     0
    93
     0
     0
     0
     0
    51
     0
     8
     0
     0
     0
    62
     5
     0
     6
     0
     7
     0
     2
     0
     0
    40
     0
     0
    23
   111
     0
     0
     0
     0
     0
     0
    26
    23
     0
     4
     0
     0
     2
    19
     0
     0
     0
     0
     1
     0
     0
     0
    21
    94
     0
     8
     0
     0
     0
     0
     4
    30
     7
     0
     0
    55
     6
    46
     0
     0
     0
     0
     0
     0
     0
     0
    59
     0
     0
     0
     0
    10
     2
     0
     0
     0
     1
     0
     4
     5
     0
     0
     0
     0
     0
     0
     0
     0
     0
     0
    57
     0
     0
     0
     0
    21
     0
    40
     7
     0
     0
     0
     0
     3
    29
     0
     0
     0
     0
     0
     0
     0
     0
     0
    74
     0
     1
     0
     0
    49
     0
     0
     8
     8
     0
     0
     2
     1
     0
     0
     0
     0
     0
     0
     0
     0
     0
     0
   144
     0
     0
     6
     0
    14
     0
     2
     0
     0
     0
     0
    16
    12
     0
     0
     0
     0
     0
     0
     0
     1
     0
     0
   106
     0
     0
     0
     0
    16
     0
     0
     0
     0
     4
     0
    12
     0
     4
     0
     0
     0
     0
     0
     0
     5
     0
     0
   115
    28
     2
     2
     0
     0
     0
     0
   157
    25
     0
     0
     0
     0
     0
    10
     0
     0
     0
     0
     0
     0
     0
     0
    26
   106
     0
     0
    41
     3
     0
     0
    70
     8
     0
     0
     0
     7
     0
     0
     3
     0
     0
     0
     0
     2
     0
     0
    99
     3
     0
     0
     0
    66
     0
     3
     0
     0
     4
     2
    18
    47
    39
     0
     0
     0
     0
     0
     0
     0
     0
     0
    77
     0
     0
     0
     0
    48
     0
     0
     0
     1
     0
     0
     9
     8
     0
     0
     0
     0
     0
     0
     0
     0
     0
     0
   253
     0
     0
     0
     0
    34
     0
     0
     0
     1
     0
     0
     1
     0
     0
     0
     0
     0
     0
     0
     0
     0
     0
     0
    82
    14
     0
     6
     0
    17
     0
     0
     0
     0
     0
     4
    14
     5
    21
     0
     0
     0
     0
     0
     0
     0
     0
     0
    68
     0
     0
     6
     3
    29
     0
     0
     3
     0
    79
     2
    13
     6
     7
     0
     0
     6
     0
     0
     0
     0
     6
     0
    96
    53
     0
     0
     0
     0
     0
     0
     7
    26
     0
     2
     1
     0
     2
    21
     0
     0
     0
     0
     0
     0
     0
     0
    22
    90
     0
     0
     0
     0
     0
     0
     4
    12
     0
     0
     0
     5
     0
     6
     0
     0
     0
     0
     0
     0
     0
     0
   232
    15
     8
     0
     4
    15
     0
     0
     0
     0
     0
    16
     8
    13
     2
     0
     0
     0
     0
     0
     0
     0
     0
     0
    42
     0
     8
     0
     0
     9
     8
     8
     0
     0
     0
    15
     2
     4
     2
     0
     0
     0
     0
     0
     0
     0
     0
     0
    88
     8
     0
     0
     0
    25
     0
     6
     0
     0
     0
     2
    42
     0
     4
     0
     0
     0
     0
     3
     0
     0
     0
     0
    46
     0
     4
     0
     0
    30
     6
     0
     0
     0
     0
    10
     0
     4
    13
     0
     0
     0
     0
     6
     6
     0
     0
     0
   111
     0
    11
     0
     0
    15
     2
     8
     0
     0
     0
     7
    10
    40
     0
     0
     0
     0
     0
     0
     0
     0
     0
     0
    11
    34
     0
     0
     0
     0
     4
     2
     6
    16
     3
     6
     0
    10
     1
     0
     0
     0
     0
    49
     0
     0
     0
     0
    41
    38
     0
     0
     0
     6
     0
     4
     0
    19
     0
    40
     0
     2
    12
     9
     0
     0
     0
     0
     0
     0
     0
     0
   117
     0
     0
     0
     0
     6
     0
     0
     0
     0
     0
     8
     8
     5
     3
     0
     0
     0
     0
     0
     0
     0
     0
     0
    33
     0
     0
     0
     0
     3
     4
     3
     0
     5
     0
    14
     9
     4
    40
     0
     0
     0
     0
     6
     0
     0
     0
     0
    77
     4
     0
     0
     0
    52
     0
     0
    51
     0
     0
     0
    15
     7
     0
     0
     0
     0
     0
     0
     0
     0
     0
     0
    90
     0
     0
     8
     0
     3
     0
     6
     0
     1
     8
     9
     8
    11
    23
     0
     0
     0
     0
     0
     0
     0
     0
     0
    81
     0
     4
     0
     0
    11
     0
     0
     0
     0
     0
    18
     9
     0
     0
     0
     0
     0
     3
     5
     0
     0
     0
     0
    63
   106
     4
     0
     0
     0
     3
     0
    30
     4
     0
     2
     4
    14
     3
    13
     0
     0
     0
     0
     0
     0
     0
     0
    38
    69
     3
     6
     0
     0
     0
     0
    17
    13
     0
     0
     3
    42
     3
     6
     0
     0
     0
     0
     0
     0
     0
     0
    47
     0
     0
     0
     0
    10
     0
     0
    47
     0
     0
     3
    11
     0
     0
     0
     0
     0
     0
     0
     0
     0
     0
     0
    95
     0
     0
     0
     0
     4
     2
     0
     6
     5
     0
     9
     2
     0
    54
     0
     0
     0
     0
     0
     0
     0
     0
     0
   110
     4
    38
     0
     0
    10
     0
     0
     0
    10
     0
     6
     8
    43
    46
     0
     0
     0
     0
     0
     0
     0
     0
     0
    62
     0
     0
     0
     0
    43
     0
     3
     0
     0
     1
     9
     0
     0
     9
     0
     0
     0
     0
     0
     0
     0
     0
     0
    74
     6
     0
     0
     1
    67
     0
     0
     0
     0
     1
     6
    39
     0
    46
     0
     3
     0
     0
     0
     2
     1
     0
     0
    58
   105
     0
     0
     0
     1
     6
     0
    40
    26
     1
     0
     0
     2
     3
    18
     0
     0
     0
     0
     0
     0
     0
     0
    72
    38
     0
     0
     0
     0
     0
     0
     2
    12
     0
     0
     0
     9
     3
     6
     0
     0
     0
     0
     0
     0
     0
     0
    78
     5
    40
    12
     0
    55
     6
     0
     0
     0
     1
     5
     4
     2
     1
     0
     4
     0
     0
     0
     0
     0
     0
     0
   209
     0
     0
     0
     0
    28
     0
     0
     0
     0
     0
    14
     4
     8
     5
     0
     0
   142
     0
     0
     0
     1
     4
     0
   184
     7
     1
     0
     0
    47
    37
     3
     0
     0
     0
    11
     2
    48
    11
     0
     0
     0
     0
     0
     0
     0
     1
     0
    42
     0
     0
     0
     5
    58
     7
     0
     4
     2
     0
     4
     0
     6
     3
     0
     0
     0
     0
     0
     0
     0
     0
     0
   216
     0
     0
     0
     0
    71
     0
     6
     0
     5
     0
    11
     8
     0
    46
     3
     0
     0
     0
     0
     0
     4
     0
     0
    27
    27
     8
     0
     0
     0
     0
     4
    21
    18
     0
     9
     7
     0
    15
     7
     5
     3
     5
     0
     0
     0
     0
     0
    17
    23
     0
     0
     0
     0
     0
     0
    13
     5
     2
     0
     0
     4
     0
    18
     0
     2
     0
     0
     0
     0
     0
     0
    29
     0
     0
     0
     0
    19
     0
     0
     0
     0
     0
    20
     5
     7
     0
     0
     0
