     0
     0
     0
     0
     0
     0
     0
   202
     3
    38
     0
    36
    28
     2
     0
     0
     0
     2
     2
     6
     0
     0
     0
     0
     0
     0
     0
     0
     0
     0
     0
    67
     0
     0
     0
     4
    23
     0
     0
     0
     0
    44
     4
    32
    11
     0
     0
     0
     0
     0
     0
     0
     5
     0
     0
   195
     0
     0
     0
     7
    38
     8
     0
     0
     2
     1
     0
     9
    53
     4
     0
     0
     0
     0
     0
     0
     4
     2
     0
    98
     3
     0
     0
     0
    10
     0
     2
     1
     0
     0
     0
     2
    19
    15
     0
     0
     0
     0
     0
     0
     0
     0
     0
    59
     6
    44
     0
     5
    22
     1
     1
     2
     1
     0
     1
     5
     9
    18
     0
     0
     0
     0
     2
     0
     0
     0
     0
    54
    83
    43
     0
     0
     0
     3
     0
    28
    27
     0
     0
     0
     0
     2
     1
     0
     0
     0
     0
     0
     0
     0
     0
    31
   157
     1
     4
    49
     0
     2
     0
    26
    44
     0
     2
     0
    42
     5
     1
     0
     0
     0
     0
     0
     0
     0
     0
   104
    41
     0
     0
     0
    13
     0
     0
     9
    40
     0
     9
     8
    12
   140
     0
     0
     0
     0
     0
     0
     0
     0
     0
    84
     0
    39
     0
     0
     7
     2
     0
     0
     5
     0
    14
     2
     5
     7
     0
     0
     0
     0
     0
     0
     0
     0
     0
    39
     0
     0
     0
     3
    64
     0
     0
     0
     0
     0
    11
     0
     0
     1
     0
     0
     0
     0
     0
     0
     0
     0
     0
   124
     0
     7
     0
     0
    20
     1
     3
     0
     0
     0
     8
     8
    23
     0
     0
     0
     0
     0
     0
     0
     0
     0
     0
   193
     4
     0
     0
     0
    41
     0
     0
     4
     0
     0
     1
    44
    38
     5
     0
     0
     0
     0
     0
     0
     0
     0
     0
   123
    79
     5
    38
     0
     0
     6
     0
    59
    48
     0
     7
     0
    17
    42
    19
     4
     0
     0
     0
     5
     0
     0
     0
    26
    98
     0
   140
     7
     0
     0
     0
    29
    31
     0
     0
     0
    89
     0
    49
     0
     0
     8
     0
     0
     0
     0
     0
   100
     8
     0
     0
     8
    19
     0
     0
     5
     7
     6
     0
    21
     0
    38
     0
     0
     3
     0
     0
     0
     0
     0
     0
   137
     0
     0
     0
     4
    57
     0
     7
     1
     0
     0
     9
     0
     2
     0
     0
     0
     0
     0
    38
     2
     0
     0
     0
   259
     0
     0
     0
     2
    14
     5
     0
     0
     0
     1
    11
     0
     8
     8
     0
     0
     0
     0
     0
     2
     0
     0
     0
    77
     0
     1
     0
     0
    73
     0
     0
     4
     1
     0
     8
     8
     2
     0
     0
     0
     0
     0
     0
     0
     0
     0
     0
   170
     0
     5
     0
     2
    16
     0
     0
     0
     4
     9
     7
     6
    56
    10
     0
     0
     0
     0
     0
     3
     0
     0
     8
    74
    31
     4
     0
     1
     0
     6
     0
    18
    33
     0
     0
     0
    10
     7
    13
     0
     0
     6
     0
     9
     0
     0
     0
    53
   132
     0
     7
     0
     0
    43
     1
    47
    17
     0
     3
   156
     0
     0
     5
     0
     0
     0
     0
     6
     0
     0
     0
    46
     7
     0
     0
     0
    85
     0
     4
     0
     3
     1
    45
     0
    11
     5
     0
     0
     0
     0
     0
     0
     0
     0
     0
   211
     9
     0
     0
     2
     5
     9
     0
     0
     0
     0
     0
     0
    14
     8
     0
     0
     0
     0
     0
     0
     0
     0
     0
   179
     0
     0
     5
     0
    28
     0
     0
     0
     3
     7
     0
     8
     8
     6
     0
     0
     0
     7
     0
     0
     0
     0
     0
    91
     0
     0
     0
     2
    29
     0
     0
     0
     1
     5
    10
     2
     3
     0
     0
     0
     0
     0
     0
     0
     0
     0
     0
   178
    38
     0
     0
     0
    21
     0
     0
     0
     0
     0
    11
     6
    42
     7
    40
     0
     0
     0
     0
     0
     0
     0
     0
    29
    32
     0
     1
     0
     0
     4
    13
    14
    23
     0
     0
     0
     5
    18
     8
     0
     0
     6
     0
     0
     6
     0
     0
    72
    77
     0
     0
     0
     6
     4
     0
     6
    56
     4
     3
     0
    13
    11
     5
     0
     3
     0
     0
     0
     0
     7
     0
   122
     8
     2
     0
     0
    59
     0
     0
     0
     0
     0
     0
    45
     3
    19
     0
     0
     0
     0
     0
     0
     0
     0
     2
   141
     0
     0
     0
     0
     5
     0
     0
     0
     0
     4
    39
    43
     1
     0
     0
     3
     0
     0
     4
     0
     0
     0
     0
   130
     0
     6
     0
     0
    16
     0
     0
     2
     0
     0
     0
     3
    12
     1
     0
     0
     0
     0
     0
     0
     0
     0
     0
   174
     3
     0
     0
     0
    18
     0
     0
     0
     2
     0
    17
     4
    16
     5
     0
     0
     8
     0
     2
     0
     0
     0
     0
   178
     0
     3
     0
     8
    14
     5
     0
     1
    10
     0
     6
     0
     1
     7
     0
     0
     0
     0
     0
     0
     0
     0
     0
    35
   159
     0
     3
     3
     0
     0
    16
    23
   138
     0
     1
     0
    15
     4
     6
     0
     6
     0
     0
     0
     0
     0
     0
    76
    23
     9
     0
     0
     0
     0
    41
    16
   201
     0
     0
     0
     5
    97
     5
     0
     0
     0
     0
     0
    42
     0
     0
    93
     5
     0
     0
     5
    37
     0
     0
     6
     0
     0
     1
     7
     2
    58
     0
     0
     0
     0
     5
     0
    10
     0
     0
   102
     7
    13
     0
     0
    54
     0
     0
     0
     1
     0
     4
     8
     0
     5
     0
     0
     0
     6
     0
     0
     0
     0
     0
   229
     7
     0
     0
     0
    68
     0
     8
     0
     0
     0
     7
     2
    50
     2
     0
     0
     0
     0
     0
     0
     0
     0
     0
   244
     0
     0
     0
     0
    12
    39
     0
     4
     0
     5
    15
    12
     0
    57
     0
     0
     0
     0
     0
     0
     0
     0
     0
    50
     0
    41
     0
     0
    29
     0
     1
     0
    13
     0
     9
    10
     6
     3
     0
     0
     0
    42
     2
     9
     0
     0
     0
    14
   156
     0
     0
     0
     4
     0
     7
    34
    23
     0
     0
     1
     7
    55
    42
     0
     0
     0
     0
     0
     0
     0
     0
    14
    84
     0
     2
    53
     0
     0
     0
    28
     7
     0
     2
     2
    54
    20
    46
     0
     0
     0
     1
     0
     0
     0
     0
   122
     0
    43
    49
     0
    37
     0
     1
     1
     0
     0
    10
     7
     0
    38
     0
     0
     0
     0
     0
     0
     0
     0
     0
    91
     0
     4
     0
     0
    14
     0
     7
     0
     0
     1
    12
     8
    21
    53
     0
     0
     0
     2
     0
     0
     0
     0
     0
   100
     0
     0
     0
     0
    25
    12
     0
    17
     3
     0
    12
     0
     6
    11
     0
     0
     0
     0
     0
     0
     1
     0
     0
    32
     0
     0
     0
     7
    74
     0
     0
     6
     0
     0
     4
    96
     6
     8
     0
     0
     0
     0
     0
     0
     0
     0
     0
   158
     0
     0
    11
     2
    60
     0
     0
     2
     0
     0
     4
     1
    43
     0
     0
     0
     0
     0
     0
     0
     0
     0
     0
   106
    67
     0
     0
     0
     0
     0
   143
    57
    13
    38
     0
     5
     2
    11
     6
     0
     0
     0
     0
     0
     0
     0
     0
   182
   246
     0
     2
     7
    39
     0
     0
    49
    41
     0
     1
     0
     4
    46
     0
     0
     0
     0
     1
     0
     0
     0
     0
    53
     7
     2
     0
     7
    22
     0
     0
     3
     0
     0
     8
     0
     0
     0
     0
     4
     3
     0
     0
     0
     0
     0
     0
   248
     3
     0
     0
     1
    18
     0
    10
     0
     0
     0
     8
     8
    11
     4
    10
     0
     0
     3
     0
     0
     0
     0
     0
   188
     0
    37
     5
     0
    21
     6
     1
     0
     0
     8
     0
    17
     2
     8
     0
     0
     0
     0
     0
     0
     0
     0
     0
    95
     8
     0
     2
     8
    24
     0
     8
    13
     3
     0
    51
    11
     1
     8
     0
     0
     0
     0
     0
     0
     0
     0
     0
   191
     0
     0
     1
     0
    27
     0
     0
     0
     0
     9
    11
     0
     3
     0
     0
     0
     5
     0
     0
     0
     0
     0
     0
   101
    54
     0
     0
     0
     5
     0
     2
    31
    13
     7
     0
     0
     2
    40
    11
     6
     0
     0
     0
     5
     0
     0
     0
   110
   121
     6
     0
     0
     0
     7
     5
    22
   105
     0
     0
     6
    46
    18
     2
     0
     0
     0
     0
     0
     0
     0
     0
   207
     0
     7
     0
     0
    62
     0
     0
     0
     2
     0
     0
    79
    14
     0
     0
     0
     0
     0
     0
     0
     0
     0
     0
   352
     5
     0
     7
     0
    80
     0
     1
     0
     0
     0
   142
    17
    15
     2
     0
     1
     0
     0
     0
     0
     0
     7
     0
   110
    43
     7
    10
     0
    12
     0
     0
     0
     5
     5
    14
     3
     8
     3
     0
     0
     0
     0
     0
     0
     0
     5
     0
   118
     0
     0
     0
     0
    45
     0
     0
     0
     0
     0
    10
    12
     5
     4
     0
     0
     0
     0
     0
     0
     0
     0
     0
   250
     0
     0
     0
     0
    13
     0
    41
     0
     8
    40
     9
     7
     9
     8
     3
     2
     0
     0
     0
     0
     0
     0
     0
   118
   106
     0
     0
     0
     2
    39
     0
    10
    18
    16
    16
     0
     9
    58
     4
     0
     0
     0
     0
     5
     0
     0
     0
    51
    29
     0
     0
     0
    16
     0
     0
    22
    40
     0
     3
     0
     8
    15
    15
     0
     0
     0
     0
     0
     0
     0
     0
   259
     5
     0
     5
     0
     9
     0
     3
     0
     7
     0
    16
    14
     2
    58
     0
     0
     0
     0
     0
     0
     0
     0
     0
    56
     0
     5
    11
     0
    16
     0
     0
     1
     1
     0
    55
     3
     7
    13
     0
     0
     0
     0
     0
     0
     0
     0
     0
    88
     5
     0
     0
     0
    20
     0
     5
     0
     0
     0
     5
     4
    39
     3
     0
     0
     0
     0
     0
     0
     0
     0
     0
    49
     0
    10
     2
     0
   149
     0
     0
     0
     0
     3
     0
     0
     6
     7
     0
     0
     3
     0
     0
     0
     0
     1
     0
   133
     0
     8
     0
     0
    29
     6
     0
     0
     0
     0
     2
     0
    21
    17
     0
     0
     0
     0
     0
     0
     5
     0
     0
   145
   125
     0
     5
     0
     0
     0
     0
    54
   135
     0
     1
     0
    14
     9
     7
     0
     0
     0
     0
     0
     0
     0
     0
    59
    61
     0
     0
     0
     3
     2
     0
    20
    55
     1
     0
     0
    20
    45
    12
     0
     0
     0
     0
     0
     0
     0
    13
    99
     0
     0
     0
     8
    18
     0
     0
     0
     0
     0
     2
     0
    13
     9
     0
     0
     0
     0
     0
     0
     0
     0
     0
    83
     2
     0
     1
     1
    20
     6
     4
     0
     4
     9
     0
    46
    16
     7
     0
     0
     0
     0
     2
     0
     0
     0
     0
    95
     0
     0
     4
     1
    21
     5
     0
     0
     0
    40
     5
     8
     0
     1
     0
     0
     0
     0
     0
     0
     0
     0
     0
    95
     2
     0
     0
     0
   158
     0
     0
     0
     0
     1
    11
     6
    38
     0
     0
     0
     0
     0
     0
     0
     0
     0
     0
    69
     0
     2
     0
     1
    11
     0
     6
     0
     0
     0
     9
     0
    12
     8
     0
     0
     0
     3
     0
     0
     0
     0
     0
    89
    30
    12
     5
     0
     0
     5
     7
    12
     5
     5
     0
     0
     0
    53
     4
     0
     1
    38
     0
     0
     0
     0
     0
    39
   168
     0
     0
     0
     0
    43
     0
    69
    21
     0
     8
     5
     5
     0
     5
     0
     0
     0
     0
     7
     0
     0
     0
   154
     0
     0
     0
     0
    17
     0
     0
     0
     0
     0
    13
     7
     0
     5
     0
     0
     0
     0
     0
     0
     0
     0
     0
   139
     0
    40
     0
     0
    41
     4
     0
     6
     5
     0
     4
    47
    12
     0
     0
     0
     0
     0
     0
     3
     0
     0
     0
    90
     0
     0
     0
     8
    35
     9
     0
     0
     0
     0
     1
    56
     6
    11
     0
     0
     0
     0
     7
     0
     0
     9
     0
    52
     7
     0
     0
     0
    52
     4
     6
     0
     0
     0
     6
     1
     5
    13
    42
     0
     0
     8
     0
     0
     0
     0
     0
   100
     0
     0
     5
     0
    11
     0
     3
     0
     0
     0
     3
     3
     9
     8
     0
     0
     3
     0
     6
     0
     0
     0
     0
    61
    48
     0
     0
     0
     0
     4
     0
    15
    69
     4
     0
     5
    47
     3
     6
     0
     0
     0
     4
     0
     0
     0
     0
    85
   254
     5
     0
     0
     0
     0
     0
    28
    89
     6
     0
     6
    13
     9
     0
     9
     0
     1
     0
     0
     0
     0
     0
    47
     0
     0
     0
     0
    28
    40
     0
     4
     0
     0
    19
    44
    14
     0
     0
     0
     0
     0
     2
     0
     0
     0
     0
    60
     0
    37
     0
     0
    16
     0
     0
     6
     0
    39
     0
     6
    45
     5
     0
     0
     0
     0
     0
     0
     0
     0
     0
   146
     0
     2
     0
     0
   100
     0
     0
     0
     0
     0
     9
     0
     0
     5
     0
     0
     0
     0
     0
     0
     0
     8
     0
   103
     0
     6
     0
     0
   100
     5
     0
     0
     0
     0
    22
   145
    10
     7
     0
     0
     0
     0
     2
     0
     0
     0
     0
   103
     0
     3
     0
     0
    23
     0
     0
     0
     0
     0
     2
     0
    45
     9
     0
     0
     0
     0
     0
     0
     0
     5
     0
    25
    41
    42
     0
     0
     0
     0
     4
    17
    32
     3
     0
     0
     6
     0
    50
     0
     0
    11
     0
     0
     0
     0
     0
   130
    53
     0
     6
     0
     9
     0
     0
    90
    27
     0
     3
     3
    42
    43
     4
     0
     0
     0
     0
     0
     5
     0
     0
   138
     2
     7
     0
    40
    23
     0
     0
     0
     6
     0
    43
     3
    19
    17
     0
     6
     0
     0
     0
     0
     0
     0
     0
    82
     0
     3
     6
     0
     9
     2
     0
     0
     0
     0
     7
     5
     6
    42
     0
     0
     0
     0
     0
     0
     0
     0
     0
   123
     0
     0
     5
     1
    26
     0
     4
    40
     0
     0
     0
    89
     8
     0
     0
     0
     0
     0
     0
     0
     0
     0
     0
   128
     0
     0
     0
     2
    30
     0
     0
     4
     0
     7
     0
     9
    10
     4
     0
     0
     0
     0
     0
     0
     0
     0
     0
   206
     0
     0
     0
     8
    12
     0
     7
     0
     0
    42
     6
     2
     0
     7
    44
     5
     1
     0
     0
     0
     0
     0
     0
    75
    48
     3
     0
     5
    36
     2
     0
    15
    69
     7
     0
     8
     0
     7
     7
     2
     0
     0
     0
     0
     0
     0
     0
    44
    74
     0
     5
     1
     3
     0
     0
     2
    54
     6
     5
     0
     9
     3
     1
     0
     0
     0
     0
     0
     0
     0
     0
    35
    38
     2
     0
     0
    72
    13
     6
     0
     0
     3
     0
     9
    12
     6
     0
     0
     0
     0
     0
     0
     0
     0
     5
   249
     0
     2
    38
     6
    58
     0
     0
     0
     3
     0
     0
    10
     0
    41
     0
     0
     0
     0
     0
     0
     0
     0
     0
   131
     0
     4
     0
     0
    32
    10
     4
     0
     0
     0
     0
    47
     4
     4
     0
     0
     0
     0
     0
     0
     0
     0
     0
   124
     0
     0
     0
     0
    23
     0
     0
     0
     0
     0
     6
     5
    16
     0
     0
     0
     0
     0
     0
     0
     0
     0
     0
    91
     0
     0
     0
     0
    21
     6
     0
     8
     0
     2
     8
     6
    11
     1
     0
     0
     6
     0
     0
     0
     0
     0
     0
    24
    36
     0
     7
    41
     0
     0
     0
    54
    18
     0
     4
     0
     0
    10
    44
     1
     0
     0
     5
     0
     0
     0
     0
   188
    30
     4
     0
     7
     0
     0
     0
    10
    20
     0
    39
     0
     2
   142
     0
     0
     0
     0
     0
     0
     0
     0
     0
    69
     5
    10
     0
     0
    25
     2
     0
     0
     0
     0
    15
    11
     0
    41
     0
     0
     0
     0
     1
     0
     0
     0
     0
    71
     0
     0
     2
     0
    67
     8
     0
     4
     0
     0
     9
    18
     8
     2
     0
     3
     0
     0
     0
     0
     0
     0
     0
   165
     0
     5
     4
     0
    52
     0
     0
    15
     0
     0
    39
     4
   150
     7
     0
     0
     0
     0
     0
     0
     0
     0
     4
    86
     0
     0
     0
     0
    24
     0
     0
     0
     0
     3
     0
    10
     7
    11
     0
     0
     0
     0
     0
     0
     0
     0
     0
    56
     2
     0
     5
     0
   158
     0
     0
    43
     0
     0
   143
     1
    48
     0
     0
    10
     0
     0
     0
     1
     0
     0
     0
    27
    24
     4
     2
     0
     4
     6
     0
    24
    83
     1
     0
     0
     0
     1
    14
     0
     0
     6
     0
     0
     0
     0
     0
    99
   103
     0
     0
     0
     0
     9
     4
    79
    55
     1
     6
     0
     3
     8
    40
     0
     0
     0
     0
     0
     0
     0
     0
   135
     0
     0
     0
     0
     5
     0
     0
    41
     0
     0
    39
     5
     9
     3
     0
     0
     0
     0
     0
     0
     0
     0
     0
   118
     3
     7
    12
     0
    11
     0
     0
     0
     0
     0
     5
     1
     9
    49
     0
     0
     0
     0
     0
     0
     0
     0
     0
   285
     0
     0
     0
     2
    17
     0
     0
     5
     0
     0
     8
     6
     3
     9
     0
     0
     0
     0
     0
     0
     0
     0
     5
    43
     0
    10
     8
     0
     8
    38
     0
     0
     0
     0
     9
     0
    11
    46
     0
     0
     0
     0
     0
     0
     0
     0
     0
   315
     0
     0
     2
     0
    25
     0
     6
     0
     0
     0
     7
     0
     8
     8
     0
     0
     0
     7
     0
     0
     0
     1
     0
    29
    36
    13
    39
    40
     2
     3
    12
     4
     6
     0
     6
     3
    26
    48
     9
     0
     0
     0
     0
     0
     0
     0
     0
    96
    27
     1
     0
     3
     0
     0
     0
     6
    15
     0
     0
     4
    41
     7
    21
     0
     0
     0
     0
     0
     0
     0
     0
    34
     3
     3
     0
     0
    44
     7
     2
     1
     1
     1
    48
     9
    12
     8
     0
     0
     0
     0
     0
     0
     0
     0
     0
    80
     2
     0
     5
     7
    14
     5
     0
     3
     0
     0
    62
     5
     1
     7
     0
     0
     0
     0
     0
     0
     0
     0
     0
   113
     9
     0
     0
     0
    53
     0
     4
     0
     0
     0
    42
    12
     6
    13
     0
     3
     0
     0
     0
     0
     0
     0
     0
   111
     0
     0
     0
     0
     5
     0
     0
     0
     0
     0
     0
     0
     6
     0
     0
     0
     0
     0
     4
     0
     0
     0
     7
    87
     0
     0
     8
     1
     3
    50
     0
     4
     0
     0
    46
     5
    13
     5
     0
     0
     0
    10
     4
     0
     0
     8
     0
    50
    41
     0
     0
     0
     2
     3
     0
    17
    25
     2
     0
     0
     7
     0
     4
     0
     0
    42
     0
     0
     1
     0
     0
    98
   111
     0
    40
    10
     0
     4
     4
    47
    14
     1
     1
     3
    10
     3
     8
     0
     0
     0
     0
     0
     1
     0
     0
    92
     0
     5
    14
     0
    10
     0
     0
     8
     0
     0
     6
     0
    39
    19
     0
     0
     0
     0
     0
     0
     0
     0
     0
    99
     0
     0
     0
    17
    69
     0
     0
     0
     0
     0
     0
    10
     0
     7
     0
     0
     0
     7
     3
     0
     0
     2
     0
    56
     0
     0
     5
     7
    17
     0
     0
     0
     6
     0
     0
     4
    15
    19
     0
     0
     0
     5
     0
     0
     0
     0
     0
    37
     0
     4
     0
     0
    17
     2
     0
     0
     0
     1
     2
     1
    13
    43
     0
     0
     9
     0
     0
     0
     0
     7
     0
    40
     0
     0
     7
     0
    18
     1
     0
     0
     0
     0
    42
     4
    52
     7
     0
     0
     0
     0
     8
     0
    39
     0
     0
    41
    35
    39
     2
     0
     4
     1
     7
    21
    16
     6
     6
     3
     1
     0
     6
     0
     0
     5
     1
     0
     0
     0
     0
    78
    39
     6
     0
     2
     0
     0
     0
    19
     9
     0
     1
     6
    42
     0
     9
     0
     0
     0
     0
     0
     0
     0
     0
   122
     0
     0
     0
     0
    52
     0
     0
     1
     0
     8
    20
     3
    12
     0
     0
     0
     5
     7
     0
     6
     0
     0
     0
   166
     0
     0
     0
     0
    17
     7
     8
     0
     4
     0
     4
     4
     8
     0
     0
     0
     0
     0
     0
     0
     0
     0
     0
   101
     0
     6
     0
     0
     3
     0
     6
     4
     0
     7
     5
     6
    25
     0
     0
     0
     0
     0
     0
     0
     1
     0
     0
    77
     6
     0
     0
     0
    54
     6
     3
     0
     2
     0
    45
    19
     9
     9
     0
     0
     0
     0
     0
     0
     0
     0
     8
    13
     1
     0
     6
     0
    31
     0
     0
     0
     0
    43
     8
    38
     7
     0
     5
     0
     0
     0
     0
     0
     0
     0
     0
    20
    52
     2
     0
     0
     0
     1
     0
    31
    30
    42
     0
     5
     5
     3
     0
     0
     6
     0
     7
     4
     2
     0
     9
    80
    34
     0
     0
     0
     0
     4
    10
    45
    13
     0
     0
     0
    60
     0
    11
     0
     0
     0
     0
     0
     3
     0
     0
    28
     0
     2
     3
     0
    13
     0
     6
     0
     0
     0
     4
     0
     6
     0
     0
     0
     5
     0
     0
     0
     0
     0
     0
    92
    39
     4
     0
     0
    28
     0
     3
     0
     2
     0
    11
     2
     0
     2
     0
     0
     0
     7
     0
     0
     0
     0
     0
    32
     4
     0
     8
     6
    10
    41
     5
     5
     7
     4
     9
     0
     2
     9
     0
     0
     0
     0
     0
     0
     0
     0
     0
   288
     3
     0
     5
     0
    13
     0
     6
     0
     0
     0
     3
     8
     5
     7
     0
     0
     0
     0
     0
     0
     0
     0
     0
    99
     4
     0
     1
     0
     7
     0
     0
     0
     0
     0
     5
     1
     1
    16
     0
     0
     0
     0
     0
     1
     0
     0
     0
    33
   207
     6
    12
     0
     1
     0
     3
    63
    26
     4
     0
     9
     4
     4
     0
     0
     0
     2
     0
     0
     0
     0
     0
    20
    37
     7
     2
     0
     8
     0
     4
   100
    14
     0
     0
     6
    45
     3
    16
     0
     0
     0
     0
     1
     0
     0
     0
   152
     3
     0
     0
     0
    18
     0
     7
     3
     0
     1
     0
     5
     1
     8
     0
     0
     0
     0
     0
     0
     0
     0
     7
   124
     0
     6
     2
     0
    61
     0
     0
     0
     8
     0
    16
     3
     1
    50
     0
     0
     0
     0
     0
     0
     0
     0
     0
   217
     0
     0
     0
    42
    20
     0
     2
     0
     0
     0
     0
    16
     6
     0
     0
     0
     0
     0
     0
     0
     3
     0
     0
    70
     7
     0
     0
     0
    44
     0
     0
     0
     0
     0
     0
    43
     5
     0
     0
     0
     4
     0
     0
     0
     0
     0
     0
   117
     0
     0
     0
     0
    49
     0
     0
     0
     0
     0
    10
   151
     0
     9
     0
     0
     2
     0
     0
     2
     0
     0
     4
    80
    20
     0
     0
     0
     0
     0
     8
    25
    15
     0
     0
     7
    22
     1
     0
     4
     0
     0
     0
     0
     0
     8
     0
    28
    79
     0
     0
     2
     1
     0
     0
   106
    58
     0
     2
     0
    11
     8
    16
     0
     3
     0
     0
     0
     0
     0
     0
   124
     0
     3
     0
     0
    20
     0
     0
     0
     4
     0
     0
     8
     0
    51
     4
     0
     0
     0
     0
     1
     0
     0
     0
   158
     0
     0
     4
     0
    16
     0
     4
     2
     0
     0
     0
    10
     7
    10
     0
     0
     0
     0
     0
     0
     0
     0
     0
   128
     0
     0
     0
     0
    37
     0
     2
     8
     0
     0
     4
    19
    19
    84
     1
     0
     0
     0
     0
     0
     0
     0
     0
   279
     0
     0
     0
     0
    69
     0
     0
     0
     6
     0
     1
     2
     1
     2
     0
     0
     5
     0
     0
     0
     0
     0
     0
   103
     0
     0
     0
     0
    20
     0
     0
     1
     0
     0
    10
    10
     3
     0
     0
     0
     0
     0
     0
     0
     0
     0
     0
    30
   185
     0
     0
     1
     2
     0
     0
    27
    18
     0
     0
     0
     9
     7
     0
     0
     0
     0
     0
     1
     0
     0
     0
    57
    33
     0
     0
     2
     9
     0
     2
    25
    46
     4
     3
     0
     3
    21
     4
     0
     0
     0
     0
     0
     0
     0
    40
    82
     0
     2
     0
     0
    56
     7
     0
     0
     0
     0
    16
     0
    16
     0
     0
     0
     0
     0
     0
     0
     0
     0
     0
    72
     0
     0
     7
     0
    14
     0
     0
     5
     0
     0
    15
     0
     3
     6
     0
     0
     0
     3
     0
     0
     0
     0
     0
    93
     0
     8
     0
     8
     1
     0
     0
     0
     0
     0
     0
     0
     0
     4
     0
     0
     2
     0
     0
     0
     0
     0
     0
    83
     0
     0
     0
     0
    17
     0
     0
     0
     0
     0
     4
     0
    15
     6
     0
     0
     0
     0
     0
     0
     0
     0
     0
    33
     2
     4
     5
     0
    51
     0
     0
     0
     0
     0
     7
     0
    12
     9
     0
     0
     0
     0
     0
     0
     0
     0
     7
    20
    26
     0
     0
     0
    39
     0
     0
    52
    19
     0
     0
     0
    11
     1
    43
     0
     0
     0
     0
     1
     0
     0
     0
    70
    69
     0
     2
     0
     0
     0
     0
     8
    41
     1
     0
     7
     6
     2
    11
     0
     0
     0
     0
     0
     0
     0
     0
   161
     0
     0
     0
     8
    29
     0
     0
     0
     2
     0
    16
    48
     0
     9
     0
     0
     0
     0
     0
     4
     0
     0
     0
    52
     0
     0
     0
     0
    21
     8
     0
     0
     4
     0
     8
     7
     0
    17
     0
     0
     0
     0
     0
     0
     0
     0
     0
   220
     0
     7
     7
     8
    11
     0
     0
     5
     0
     9
     7
     9
     3
     3
     0
     0
     0
     0
    10
     0
     0
     0
     0
    34
     0
     0
     4
     0
    33
     0
     0
     0
     0
     0
     6
     3
    50
    17
     0
     0
     0
     0
     0
     0
     0
     1
     0
   117
     0
     4
     0
     0
    69
     0
   139
     0
     0
     1
    11
     5
     8
     9
     0
     0
     0
     0
     0
     3
     0
     0
     0
    62
    68
     0
     0
     0
     0
     0
     8
     7
    49
     3
     0
    42
     7
     0
    39
     0
     0
     0
     0
     0
     0
     0
     4
    68
    46
     0
     0
     0
     0
     0
     0
     9
    42
     0
     5
     0
    40
     7
     0
     0
     0
     0
     2
     0
     0
     0
     0
    81
     0
     0
     1
     0
    16
     0
     0
     0
     0
     8
     4
    12
     2
     1
     0
     0
     0
     0
     0
     0
     0
     0
     1
   208
     0
     0
     0
     1
    10
     0
     0
     0
     0
     9
     0
     0
    86
     0
     0
     0
     0
     0
     0
     0
     0
     0
     0
   190
     0
     0
    40
     0
    13
     2
     0
     0
     2
     0
     4
     6
     9
     8
     0
     0
     0
     0
     0
     0
     0
     0
     0
    84
     0
     0
     0
     0
     5
     9
     0
     0
     2
     0
     5
     1
     7
     6
     9
     0
     0
     0
     0
     6
     0
     0
     0
   109
     0
     0
     0
     8
    17
     0
     0
     0
     0
     3
     2
     0
     8
     0
     0
     0
     0
     0
     0
     6
     0
     3
     0
    24
    49
     0
     6
     0
     3
     0
     0
    86
     4
     1
     0
     0
     2
     1
     9
     0
     0
     0
     0
     3
     0
     0
     0
    15
    29
     0
     0
     0
     0
     3
     3
    14
    10
     0
     0
     0
     7
    10
    17
     0
     0
     0
     0
     0
     0
     0
     0
   149
     0
     0
     0
     0
    23
     0
     0
     0
     0
     0
     5
     0
    10
     3
     0
     0
     0
     0
     0
     0
     1
     0
     0
   108
     0
     0
     0
     2
    15
     1
     6
     0
     0
     0
     0
     5
     0
     0
     4
     0
     0
     0
     0
     0
     0
     0
     0
    93
     1
     0
     7
     0
     3
     0
     0
     0
     5
     0
    10
     0
     9
    24
     0
     0
     0
     0
     0
     0
     0
     0
     0
    54
     0
     0
     0
     0
     9
     0
     2
     9
     1
     0
    24
    45
     4
     4
     0
     0
     0
     0
     0
     0
     0
     0
     0
   213
     4
     0
     0
     9
    46
     0
     0
     0
     0
     0
    45
    14
    11
     2
     0
     0
     4
     0
     0
     0
     0
     0
     0
   117
   122
     0
     0
     1
     6
     1
     9
    26
     6
     0
     1
     0
     9
     8
    10
     0
     0
     0
     0
     9
     0
     0
     0
    59
    61
     0
    39
     0
     0
     0
     0
    65
    19
     0
     0
     6
     2
     8
     0
     0
     0
     0
     0
     0
     0
     0
     0
    37
     1
     0
     0
     0
    50
     0
     0
     6
     0
     0
     7
     4
     0
     4
     0
     0
     0
     0
     0
     0
     0
     0
     0
   109
     0
     0
     3
     6
    17
     0
     0
     0
     0
     0
    11
     0
     0
    11
     0
     0
     0
     0
     0
     0
     0
     0
     0
   165
     0
     3
    41
     0
     9
     0
     0
     4
     0
     7
    54
    15
    13
     0
     0
     0
     0
     0
     0
     0
     0
     0
     0
   196
     1
     0
     0
     0
     8
     0
     6
     4
     0
     0
     0
     0
    42
    40
     0
     0
     0
     0
     0
     0
     0
     0
     0
   117
     1
     3
     0
     9
    25
     4
     3
     2
     0
     0
     3
     0
    11
    11
     0
     0
     0
     0
     0
     0
     0
     0
     0
    22
    79
     0
    41
     7
     0
     0
     0
    17
    11
     0
     0
     0
     5
     0
    44
     0
     5
     0
     0
     0
     0
     0
     0
    34
    40
    41
     3
     3
     0
     0
     0
    21
    11
     0
     0
     5
     8
     0
   141
     2
     0
     0
     0
     0
     3
     0
     0
    75
     7
     0
     0
     0
    69
     0
     0
     0
     0
     0
     3
     0
    14
    49
     0
     0
     0
     0
     2
     0
     0
     0
     0
   101
     0
    40
     7
     0
    52
     0
     0
     0
     0
     0
     3
     0
     0
     0
     0
     0
     0
     0
     0
     0
     0
     0
     0
   267
     0
     0
     0
     0
    63
     0
     0
     0
     0
     0
     0
   148
     0
     0
     1
     0
     5
     0
     0
     0
     0
     0
     0
   203
     0
     0
     2
     0
    80
     2
     8
     5
     0
     0
    15
     8
     0
     0
     0
     0
     0
     0
     0
     0
     0
     0
     0
    25
     0
     0
     0
    11
    10
     6
     0
     0
     0
     0
    19
    17
    10
    41
     0
     0
     0
     0
     0
     0
     0
     0
     0
    29
    49
     0
     0
     0
     0
     0
     0
     7
     5
     0
     0
     0
     9
    81
     0
     0
     0
     0
     0
     8
     4
     0
     0
    32
   158
     0
     0
     0
     7
     1
     0
    64
    15
     1
    10
     0
     1
     5
     0
     0
     0
     0
     0
     0
     0
     0
     0
    81
     1
     0
     0
     5
     9
     0
     0
     0
     0
     0
    11
    13
     5
     0
     0
     0
     1
     0
     0
     0
     0
     0
     0
    72
     0
     0
     0
     0
    58
     7
     0
     0
     0
     1
    13
     4
     1
     5
     0
     0
     0
     0
     0
     0
     0
     0
     0
    56
     0
     0
     0
     0
    40
     3
     0
     0
     0
     1
     5
     0
     0
     0
     0
     0
     0
     0
     0
     0
     0
     0
     1
    47
     0
     7
     0
     0
    13
     2
    46
     0
     0
     0
    15
     5
    10
    14
     0
     0
     0
     0
     0
     0
     0
     0
     0
    88
     7
     6
     0
     0
    54
     0
     0
     0
     0
     8
     6
    38
    10
     6
     0
     0
     0
     0
     0
     0
     0
     0
     0
    47
    97
     0
     1
     0
     0
     5
     6
     7
    11
     0
     8
     3
     1
    80
     4
     0
     0
     0
     0
     0
     0
     0
     0
    20
    30
     0
     0
     0
     0
     0
    43
     3
     4
     0
     0
     6
     2
     0
    14
     3
     0
     6
     0
     0
     0
     0
     0
    73
     0
     0
     0
     0
    86
     0
     1
     0
     0
     1
     0
     0
     8
     1
     6
    37
     0
     0
     0
     0
     0
     4
     0
    52
     0
     0
     2
     0
    48
     0
     4
     0
     3
     9
     0
     1
     0
     0
     0
     0
     0
     0
     0
     0
     0
     0
     0
    75
     4
     0
     0
     0
    20
     0
     0
     0
     1
     0
     0
     4
     7
     1
     0
     0
     0
     0
     0
     0
     0
     0
     0
    80
     0
     0
     7
     5
    15
     1
     0
     0
     0
     0
     9
     9
    15
     6
     0
     0
     0
     0
     0
     0
     0
     0
     0
    64
     0
     0
     0
     0
    42
     0
     0
     0
     0
     0
     8
     9
     0
     0
     0
     0
     0
     0
     0
     0
     0
     0
     0
    65
    84
     4
     0
     0
     8
     0
     6
    70
    15
     0
     0
     0
     0
     8
     2
     0
     0
     0
     0
     0
     3
     0
     0
    27
    36
     0
     0
     0
     2
     0
     9
    88
     9
     0
     0
     0
     5
    82
     6
     0
     0
     0
     0
     0
     0
     0
     0
   178
   147
     0
     0
     0
    66
     0
     0
     0
     0
     0
     0
    12
     0
    14
     0
     0
     0
     4
     0
     0
     0
     0
     0
    68
     0
     4
     0
     0
    15
     0
     0
     0
     0
     0
    13
     4
    38
     0
     0
     0
     0
     0
     0
     0
     0
     0
     0
    44
     4
     0
     5
     0
     9
     0
     7
     0
     0
     0
     0
     0
     0
     1
     0
     0
     0
   140
     0
     0
     0
     0
     0
   130
     1
     0
     0
     0
    12
     0
     0
     0
     0
    12
     0
    47
     9
    15
     0
     2
     0
     0
     0
     0
     0
     0
     0
   164
     0
     5
     0
    48
    19
     0
     1
     0
     0
     0
     1
    10
     4
     8
     0
     0
     0
     0
    41
    41
     0
     0
     0
    58
    25
     2
     0
     0
     0
     0
     0
    22
    14
     0
     0
     0
     5
     8
     6
    39
     0
     0
     0
     3
     2
     0
     0
    21
    82
     0
     0
     0
     0
     0
     0
     7
     8
     1
     5
     0
     2
     5
    10
     0
     0
     0
     0
     0
     0
     0
     0
   144
     9
     0
     0
     0
    60
     7
     0
     0
     6
     0
     2
     0
     0
     2
     0
     0
     0
     0
     0
     0
     0
     0
     0
    47
     0
     0
     1
     0
    22
     0
     0
     0
     0
     0
    17
     0
    18
     6
     0
     0
     0
     0
     0
     0
     0
     0
     0
    48
     0
     0
     0
     0
    54
     0
     0
     0
     0
     4
     6
     7
     2
     0
     0
     6
     0
     1
     0
     3
     0
     0
     2
   142
     0
     0
     2
     0
    12
     0
     0
     0
     0
    40
    40
     6
     0
     0
     0
     0
     0
     0
     0
     0
     0
     0
     0
   197
     0
     0
     0
    12
    10
     0
     0
     0
     4
     0
     4
     8
    21
    11
     0
     0
     0
     0
     0
     0
     0
     0
     0
    27
   113
     8
     0
     2
     0
     9
     0
    44
    11
     0
     2
     0
    10
     0
     0
     0
     0
     6
     5
     0
     0
     0
     0
    79
    42
     2
     0
     4
     0
     2
     0
    20
    37
     6
     0
     6
     3
     8
    17
     0
     0
     0
     0
     0
     0
     0
     0
   103
     5
     1
     0
     2
    63
     0
    44
     0
     0
     3
    18
    11
    67
     9
     0
     0
     0
     0
     0
     0
     0
     0
     0
   247
     0
     0
     0
     0
    11
     0
     1
     0
    11
     7
     0
     0
     0
     8
     0
     0
     0
     0
     0
     0
     0
     0
     0
    77
     0
     3
     0
     0
    15
     0
     0
     0
     0
     7
     0
    38
     0
    40
     0
     0
     0
     0
     0
     0
     0
     0
     0
    76
     0
     0
     7
     0
    10
     0
     0
     0
     6
     0
     0
     3
     1
     0
     0
     0
     0
     0
     0
     0
     0
     0
     0
    66
     0
     4
     0
     0
     9
     0
     0
     0
     3
     0
    42
    10
     7
     4
     0
     0
     0
     0
     7
     0
     3
     2
     0
    48
    70
     3
     0
     0
     8
     3
     6
     9
    20
     0
     3
     0
     5
     3
    40
     3
     0
     0
     1
     0
     5
     0
     0
    75
    28
     0
     0
     7
     0
     3
     0
    11
     5
     0
     0
     0
    11
     2
    13
     0
     0
     0
     0
     0
     0
     0
     0
   177
     0
     0
     0
    40
    57
    37
     0
     0
     0
     0
     0
     7
     7
     0
     0
     0
     0
     0
     0
     0
     0
     0
     0
    32
     0
     0
     0
     0
    19
     3
     0
     0
     0
     0
     7
    57
     0
     6
     2
     0
     0
     0
     0
     0
     0
     0
     0
    42
     0
     0
     2
     0
    30
     0
     0
     0
     0
     0
    37
     4
     3
     0
     0
     0
     0
     0
     0
     0
     0
     0
     4
    45
     0
     0
     0
     0
     7
     0
     0
     7
     0
     4
    16
     5
     5
    10
     0
     0
     0
     0
     0
     0
     0
     0
     0
   163
     0
     6
     2
     5
    17
     0
     0
     0
     0
     0
    49
     0
    88
     4
     0
     0
     0
     0
     0
     0
     0
     0
     0
    25
    78
     0
     0
     0
     0
     9
     0
    16
    15
     0
     0
     0
     8
     1
     0
     0
     0
     0
     0
     0
     0
     0
     0
    70
   187
     3
     0
     0
     0
     0
     0
    26
    20
     0
     0
     0
     0
     9
     6
     0
     1
     2
     0
     0
     0
     0
     0
    61
     0
     0
     0
     5
    18
     0
     0
     0
     0
     8
     0
     0
    10
     2
     0
     0
     0
     0
     0
     0
     0
     0
     0
    49
     0
     0
     0
     0
    11
     8
     0
     0
    40
     0
     0
     9
     0
     9
     0
     0
     0
     0
    37
     0
     0
     0
     0
   183
     8
     0
     0
     0
    13
     0
     0
     0
     2
     0
    15
     6
     6
     7
     0
     0
     0
     0
     0
     0
     0
     0
     0
    83
     0
     0
     5
     0
    21
     0
     0
     0
     0
    39
    15
     0
     0
     0
     1
     0
     0
     0
     0
     0
     0
     0
     0
    75
     0
     0
     4
     0
     9
     0
     0
    40
     0
     8
    40
     7
     1
     2
     1
     0
     0
     0
     2
     0
     0
     7
     0
   234
    46
     0
     0
     0
     2
     0
     0
    42
     3
     0
     0
     2
     2
     1
     4
     0
     0
     0
     0
     0
     0
     0
     0
    67
    84
     0
     0
     5
     0
     0
     0
    73
    51
     0
     0
     0
     6
     5
    41
     0
     0
     0
     0
     0
     0
     0
     0
    35
     0
     5
     0
     0
    53
     0
     0
     0
     0
     1
     9
     5
     0
     5
     0
     0
     0
     0
     0
     0
     0
     0
     0
   146
     1
     0
     0
     4
    95
     0
     2
     0
     0
     0
    18
     8
     0
     0
     0
     0
     0
     0
     0
     0
     0
     0
     0
    68
    10
     0
     6
     0
    11
     4
     0
     0
     0
     0
     4
     0
     6
    16
     0
     0
     0
     0
     0
     0
     0
     0
     0
    76
     4
     0
     0
     6
    11
     0
     5
     0
     5
     2
    18
     4
     0
    18
     0
     0
     0
     0
     0
     0
     0
     0
     8
   117
     0
     5
     0
     0
    36
     3
     0
     0
     0
     4
     3
    15
   140
     5
     0
     0
     0
     0
     0
     0
     0
     0
     0
    18
    21
     0
     9
     0
     0
     8
     2
     9
     9
     0
     0
    11
     0
     3
    13
     6
     0
    40
     0
     0
    37
     0
     0
    77
    71
     0
     7
     0
     0
     0
     1
    86
    58
     0
     0
     0
     1
    10
    50
     0
     0
     0
     0
     0
     0
     0
     0
    90
     0
     0
     0
     0
    14
     5
     4
     0
     0
     0
     4
     7
     1
    10
     0
     0
     0
     0
     0
     0
     0
     0
     0
    13
     0
     0
     0
     0
    59
     0
     0
     2
     0
     0
     2
     5
     5
    11
     0
     0
     0
     0
     0
     0
     0
     0
     0
    91
    44
     0
     7
     0
     8
     2
     0
     0
     0
     0
     0
     8
    27
     6
     0
     0
     0
     0
     0
     0
     0
     0
     0
   129
     6
     0
    16
     0
    24
     0
     6
     0
     0
    11
     6
     7
    15
     4
     4
     0
     0
     0
     0
     0
     1
     0
     0
   136
     0
     0
     0
    15
    48
     0
     0
     0
     3
     0
     0
    50
     0
     2
     0
     0
     0
     0
     0
     0
     0
     0
    10
    60
    81
     0
     0
    45
     2
   142
     0
    26
    11
     0
     5
     0
    59
    10
    55
     0
    43
     0
     0
     0
     5
     0
     0
    21
    17
     0
     0
    44
     3
     1
     0
    28
    21
     0
     0
     3
    13
    15
    10
     0
     0
     4
     0
     0
     0
     0
     2
    66
     0
    39
     0
     0
     3
     0
     0
     1
     0
     0
     5
     0
     4
     0
     0
     0
     0
     3
     0
     0
     0
     0
     0
    54
     9
     0
     0
     0
    55
     3
     8
     6
     0
     0
     3
    11
     3
    40
     0
     0
     0
     0
     0
     0
     5
     0
     0
   144
     2
     0
     0
     5
    11
     0
     6
     0
     6
     0
     3
     6
     7
     2
     0
     0
     0
     0
     0
     0
     0
     0
     0
    74
     0
     6
     6
     0
    58
     0
     0
     0
     0
     1
     6
     5
     0
     0
     0
     0
     0
     0
     0
     0
     0
     0
     0
    54
     0
     0
     0
     0
    14
     0
     0
     0
     0
     0
     0
    44
     0
     0
     0
     0
     0
     2
     0
     0
     0
     0
     0
    88
    59
     0
     0
     0
     0
     0
     0
    11
    24
     0
     0
    39
     7
    13
     1
     0
     0
     0
     0
     0
     0
     0
     0
    38
   261
     0
     0
    10
     0
     0
     0
    10
     7
     0
     0
     9
     8
     6
     3
     0
     0
     0
     6
     0
     0
     8
     0
   193
     0
     3
     0
    12
    51
     0
     6
     0
     0
     0
    26
     6
     0
     4
     7
     0
     0
     0
     0
     0
     0
     0
     0
    56
     0
     7
     0
     2
    23
     0
     5
     0
     6
     0
   141
     1
     3
     0
     0
     0
     0
     0
     0
     0
     0
     0
     0
   153
     0
     0
     0
     0
     0
     7
    15
     0
     0
     0
     6
     7
    20
     7
     0
     0
     0
     0
     0
     0
     0
     0
     0
    92
     0
     1
     0
     7
    19
     0
     0
     0
     0
     0
     0
     3
    50
     0
     0
     1
     0
     0
     0
     0
     0
     0
     0
    50
     6
     2
     0
     0
    99
     0
     0
     4
     0
     0
     4
    12
    13
     1
     0
     0
     0
     6
     0
     0
     0
     0
     0
    45
    65
     0
     4
     0
     0
     0
     7
    14
    52
     0
     0
     3
     5
    46
     2
     0
     0
     0
     0
     0
     0
     0
     0
   115
    73
     0
     0
     0
    16
     8
     0
    13
     4
     0
     5
     0
     9
     9
    14
     0
     0
     0
     0
     0
     0
     0
     0
    95
     0
     6
     0
     0
    30
     0
     0
     0
     2
     0
    41
     0
     0
     5
     0
     0
     0
     5
     0
     0
     0
     0
     0
    44
     0
     0
     0
     0
    30
     0
     0
     0
     1
     0
     0
    41
    10
    16
     4
     0
     8
     0
     0
     0
     0
     0
     0
   120
     0
     0
     0
     0
    52
     3
     0
     0
     0
     0
     5
    39
     0
     0
     0
     0
     0
     0
     0
     0
     0
     0
     0
    61
     0
     0
     0
    48
    50
     0
     0
     5
     0
    14
     3
     0
     6
    41
     0
     0
     0
     0
     0
     0
     0
     0
     5
   106
     0
     0
     0
     0
    61
     0
     0
     9
     0
     0
     0
    12
     4
    13
     0
     0
     0
     0
     0
     0
     0
     0
     0
    73
   181
     8
     0
     1
     0
     0
     0
    17
    11
     0
     2
     6
     3
     2
     4
     0
     0
     0
     0
     0
     1
     0
     0
   122
    67
     6
     4
     0
     0
     0
     0
    17
    24
     0
     3
     0
     0
     4
    10
     0
     0
     0
     0
     0
     0
     0
     0
    58
     0
     1
     0
     0
    32
     0
     6
     7
     0
     0
     0
     2
    12
     3
     0
     0
     0
     0
     0
     0
     0
     0
     0
    83
     0
     0
     6
     2
     8
     2
     0
     9
     0
     0
     4
     2
    41
    40
     0
     2
     6
     0
     0
     0
     0
     0
     0
    91
     0
     0
     0
     0
    20
     9
     7
     0
     0
     0
     1
    40
    10
    59
     0
     0
     0
     0
     0
     0
     0
     0
     0
    87
     0
     0
     0
     0
     8
     0
     7
     1
     7
     0
     0
    18
     0
     5
     0
     0
     0
     0
     0
     0
     0
     0
     0
   104
     7
     0
     0
     0
    55
     1
     0
     0
     3
    44
     0
     1
    67
   138
     0
     0
     0
     3
     0
     0
     0
     0
     5
    13
    27
     4
     0
     0
     0
     0
     0
    19
     2
     0
     0
     0
     0
     2
    45
     0
     0
     0
     0
     0
    43
     0
     0
     8
    93
    12
     4
     0
     6
     0
     2
    42
    63
     0
     0
     8
    10
     0
    13
     0
     0
     0
     0
     0
     0
     0
     0
    91
     4
     0
    40
     1
    16
     0
     0
     3
     8
     0
     4
     0
     0
     9
     0
     0
     0
     0
     0
     0
     0
     0
     0
    77
     6
     0
     0
     6
     2
     0
     8
     0
     0
     0
     6
    42
    12
     0
     0
     0
     0
     0
     0
     1
     0
     0
     0
    98
     0
     0
     5
     0
    28
     0
     0
    15
     0
     0
     3
    11
     0
     6
     0
     0
     0
     0
     0
     0
     0
     0
     0
   197
     0
     0
     0
     0
    18
     0
     0
     0
     6
     0
     1
    48
    44
     0
     0
     0
     0
     0
     0
     0
     0
     0
     0
    74
     0
     0
     0
     0
    43
     0
     0
     0
    39
     0
     4
     6
     0
     1
     0
     0
     0
     0
     0
     0
     0
     0
     0
    80
     8
     0
     0
     8
     2
     0
    17
    11
     9
     0
     0
     1
     7
    18
     9
     0
     0
     2
     0
     0
     0
     0
     0
    46
    31
     0
     0
     4
     0
     7
     0
     6
    21
     0
     5
     0
     8
    12
     7
     0
    10
     0
     0
     0
     0
     0
     0
   244
     0
     0
     0
     0
    14
     0
     0
     0
     0
     6
    19
    12
     2
     2
    39
     0
     0
     0
     0
     0
     0
     0
     0
    37
     0
     2
     0
     0
    47
     2
     0
     0
     0
     0
     7
     5
     0
    18
     5
     7
     0
     0
     0
     0
     0
     0
     0
   179
     3
     0
     0
     0
    18
     0
     0
     4
     0
     0
     0
     5
     7
    11
     0
     0
     1
     0
     0
     0
     0
     0
     2
    69
     0
     0
     0
     0
    34
     0
     0
     2
     4
     0
     2
     3
     7
     2
     0
     0
     0
     0
     0
     0
     0
     0
     0
   218
     0
     0
     3
     0
     8
     0
     2
     0
     2
    41
     3
     8
     0
    20
     0
     0
     0
     0
     0
     0
     0
     0
     7
    66
   177
     0
     0
    38
     3
     0
     5
    10
     9
     0
     0
     8
     5
    13
     0
     0
     0
     0
     0
     0
     0
     0
     4
    30
    35
     6
     0
    40
    42
     0
     0
    32
    15
     8
    42
     0
     0
     6
    10
     0
     0
     0
     0
     0
    44
     0
     0
    68
     0
     0
     0
     0
    10
     0
     0
     2
     0
     0
    16
     9
    41
     2
     0
     4
     7
     0
     0
     0
     0
     6
     0
   113
     0
     0
     0
     0
    10
     0
     0
     0
     2
    10
    44
    42
     5
    14
     0
     0
     0
     0
     0
     0
     0
     0
     0
    93
     0
     0
     0
     0
    60
     0
     0
     0
     5
     8
     0
     0
     0
     0
     0
     0
     0
     0
     0
     0
     0
     0
     0
   145
     0
     5
     0
     5
    19
     0
     0
     0
     0
     0
     8
    10
     5
    42
     0
     0
     0
     0
     0
     0
     0
     0
     0
   182
     0
     0
     4
     0
     0
     0
     0
     6
     8
     8
     9
    13
     7
     0
     0
     0
     0
     0
     0
     8
     8
     0
     0
    28
    36
     1
     7
     0
     2
     0
     0
    25
    84
     3
     0
     0
     4
    20
     0
     0
     0
     0
     0
     0
     0
     1
     0
    44
   175
     4
     0
     7
     8
     9
     0
     5
    19
     0
     0
     2
    54
    15
    43
     0
     7
     0
     0
     0
     7
     0
     0
   137
     8
     0
     9
     0
    28
     0
     7
     0
     7
     0
    40
     2
     6
     6
     0
     0
     0
     0
     0
     0
     0
     0
     0
    37
     0
     2
     3
     0
    39
     0
     0
     0
     0
     0
     0
    14
    42
     3
     4
     0
     0
     4
     0
     0
     0
     0
     0
   105
     0
     3
     0
     0
    64
     0
     0
     0
     0
     0
     4
    47
     2
    42
     0
     0
     8
     0
     0
     0
     0
     0
     0
    88
     0
     0
     0
     2
    17
     6
     0
     0
     0
     0
     9
     2
     9
    10
     0
     0
     0
     0
     0
     0
     0
     0
     0
    56
    12
     0
     0
     0
    20
     0
     0
     6
     0
     3
    11
    41
     8
     0
     0
     0
     0
     3
     0
     0
     2
     0
     0
   109
    13
     7
     4
     0
     0
     2
     0
   152
    63
     7
     0
     5
    14
     0
    12
     0
     0
     0
     0
     0
     0
     0
     0
    81
    97
     6
     0
     0
     0
     2
     0
    14
     0
     1
     0
     0
     0
     0
     6
     0
     0
     0
     0
     0
     0
     0
     0
   103
     0
     0
     0
     0
     1
     6
     0
     0
     2
     0
     9
    43
     0
     8
     0
     0
     0
     4
     0
     0
     0
     0
     0
    60
     0
     3
     0
     0
    69
     0
     0
     0
     2
     0
    13
    17
    10
     6
     0
     0
     0
     0
     0
     0
     0
     0
     0
   100
     0
     0
     0
     0
    42
     0
     6
     0
     0
     0
     5
    14
     3
     5
     0
     0
     0
     0
     0
     0
     0
     0
     0
   119
     0
    44
     0
     0
    12
     0
     4
     2
     0
     0
    40
     2
     0
     9
     0
     0
     0
     0
     0
     0
     0
     0
     0
   251
     0
     0
     0
     0
    45
     0
     4
     7
     0
    13
    10
     0
     3
     0
     0
     0
     0
     0
     0
     0
     0
     0
     0
    27
    87
     4
     0
    16
     0
     2
     0
    48
    74
     4
     0
     4
    15
     2
    17
     0
     0
     0
     0
     0
     0
     3
     0
    63
    72
     0
     0
     0
     0
     0
     0
     6
    44
     0
     4
     0
    13
     0
    18
     0
     0
     0
     0
     0
     0
     0
     0
   197
     0
     3
     0
    16
    30
    11
     6
     0
     0
     0
    13
     0
    74
    12
     0
     0
     0
     1
     0
     0
     0
     0
     0
    56
     5
     0
     0
     2
    27
     0
     4
     0
     5
     0
    17
     6
     0
     0
     0
     0
     0
     0
     0
     0
     0
     0
     0
    78
     0
     0
     1
     0
    48
     0
     0
     0
     0
     0
    39
     4
    10
    24
     0
     0
     0
     0
     0
     0
     0
     0
     0
    85
     0
     9
     0
    44
    55
     0
     0
     0
     0
     0
    43
     3
     4
     3
     0
     0
     0
     0
     0
     0
     0
     0
     0
    91
     0
     0
     0
     0
    58
     6
     0
     0
     0
     0
     0
     0
     0
     1
     0
     0
    11
     0
     3
     1
     0
     0
     0
    39
   166
     6
     0
     8
     0
     9
     0
    16
    10
     0
     0
     0
   143
    53
    11
     0
     0
     0
     0
     1
     0
     8
     0
   123
   134
     4
     0
     2
     0
     3
     0
    22
    78
     0
     0
     0
     3
    18
     6
     0
     0
   143
     0
     0
     0
     0
     0
   125
     1
     0
     3
     1
    29
     0
     1
     0
     0
     0
    10
    43
     3
     0
     0
     0
     0
     0
     0
     0
     0
     0
     0
   112
     0
     0
     0
     0
    19
     0
     0
    13
     3
     2
     0
     8
    10
     0
     0
     0
     0
     0
     0
     0
     0
     0
     2
   160
     0
     2
     0
     0
    23
     0
     1
     0
     1
    10
     3
    14
     6
     2
     0
     0
     0
     0
     0
     0
     0
     0
     0
    87
     0
     0
     0
     0
    30
     0
     0
     1
     7
     0
     2
    15
     4
     3
     0
     0
     0
     0
     0
     0
     0
     0
     0
   110
     8
     0
     0
     3
    64
     0
     2
     0
     0
     5
     0
     4
     3
    27
     0
     0
     0
     0
     0
     0
     0
     0
     0
   125
    25
     0
     0
     0
    40
     0
     0
    54
    74
     3
     2
     1
     7
     8
     5
     0
     5
     0
     0
     0
     0
     0
     0
    22
    77
     6
     0
     0
     0
     9
     6
    23
    19
     4
     0
     0
     1
     4
    15
     0
     0
     9
     0
     0
     0
     0
     0
   128
     0
     0
     3
     0
    41
     0
     5
     0
     0
     0
    12
     3
     4
     5
     0
     0
     0
     0
     0
     0
     0
     0
     0
    81
     0
     0
     0
     9
    14
     0
     0
     5
     0
     2
    52
     2
     0
     4
     0
     0
     0
     0
     0
     0
     0
     0
     0
   104
     0
     0
     0
    10
    65
     0
     0
     0
     0
     0
     4
     7
    14
     1
     0
     0
     0
     0
     0
     0
     0
     0
     0
    53
    42
     4
     1
     2
    29
     0
     0
     0
     3
     0
     4
     4
     0
     0
     0
     0
     0
     0
     0
     0
     0
     0
     0
    63
     0
     0
     9
     0
    25
     1
     9
     0
     6
     0
     0
     0
     0
     0
     0
     2
     0
     0
     0
     1
     0
     1
     0
    34
    30
     0
     2
     5
    75
     0
     3
    22
    58
    10
     0
     0
     8
    20
    19
     0
     0
     0
     0
     0
     0
     5
     0
    31
    20
     5
     0
     0
     0
     4
     0
    12
    22
     0
     1
     0
    12
     4
     5
     0
     0
     0
     0
     0
     0
     0
     0
   122
     2
     0
     1
     2
    55
     0
     6
     6
     2
    19
     6
     6
     7
     0
     0
     0
     6
     0
     0
     0
     0
     0
     0
    75
     0
     0
     0
     3
    48
     0
    41
    40
     0
     0
    19
     1
    43
     0
     0
     0
     0
     0
     0
     0
     0
     0
     0
    66
     0
     0
    41
     0
    84
     2
     5
     0
    46
     6
     1
    18
     9
     4
     0
     0
     0
     0
     0
    14
     0
     0
     0
   108
     0
     0
     0
     0
   192
     9
     0
     0
     0
     0
     1
    10
     0
     3
     0
     0
     0
     0
     0
     0
     0
     0
     0
   216
     8
     0
     0
     0
    13
     5
     9
     0
     0
     0
     5
    40
    12
     6
     0
     2
     0
     0
     8
     0
     0
     0
     0
    70
    36
     0
     0
     5
     3
     0
     0
    26
   245
    48
     0
     0
     0
    49
     7
     0
     0
     0
     0
     2
     4
     0
     0
    52
    49
     0
     0
     2
     3
     0
     0
    11
     5
     0
     4
     0
    46
    15
     0
     0
     0
     0
     0
     0
     0
     0
     0
   113
     0
     0
     0
     4
    34
     0
     0
     0
     0
     3
    10
     8
    11
     0
     0
     0
     0
     0
     0
     0
     7
     0
     0
   115
     0
    10
     0
     0
    24
     0
     0
     3
     0
     0
     0
    17
    50
     1
     0
     0
     0
     0
     0
     0
     0
     0
     0
   113
     4
     1
     4
     0
     0
     0
     4
     0
     0
     9
     0
    28
     5
     4
     0
     0
     0
     0
     0
     0
     0
     0
     0
    60
     0
     0
     0
     0
    51
     3
     0
     2
     1
     0
     7
     6
     5
    10
    41
     0
     0
     0
     0
     0
     7
     0
     0
    50
     0
     0
     0
     0
    22
     0
     0
     3
     3
     0
    40
     1
     6
     7
     0
     0
     0
     4
     0
     0
     0
     0
     0
    82
    89
     0
     6
     0
     0
     0
     6
    18
    11
     4
     2
     1
     7
    41
    12
     5
     0
     0
     9
     1
     0
     0
     0
    35
    65
     0
     0
     0
     0
     8
     9
    52
    49
    46
     0
     0
     0
    32
     0
     0
     0
     0
     0
     0
     0
     0
     0
   133
     0
     7
     0
     0
    13
     7
     0
     0
     0
     7
     6
    46
     0
     3
     0
     0
